0.3260675
0.304005
0.2964075
0.2836975
0.261885
0.2576225
0.2659625
0.26143
0.257155
0.23892
0.2270975
0.2188125
0.2308325
0.25012
0.32715
0.53991
0.61125
0.5734625
0.5481825
0.575725
0.55264
0.5012575
0.459
0.4244475
0.42121
0.3469975
0.48839
0.3642425
0.4128175
0.485825
0.52021
0.50704
0.502115
0.49183
0.47313
0.464975
0.4666525
0.4747025
0.4843025
0.48695
0.479525
0.4586125
0.4586925
0.4574275
0.462845
0.46325
0.4587725
0.448775
0.3770425
0.3461125
0.3012675
0.266395
0.32701
0.2603375
0.2838
0.3090525
0.2948375
0.2873025
0.2419875
0.1838725
0.1335625
0.10647
0.10563
0.1052675
0.1034775
0.10000625
0.100605
0.1022425
0.107175
0.111395
0.11606
0.12526
0.194365
0.20139
0.2050725
0.2036575
0.2001325
0.19212
0.1758
0.1592775
0.152395
0.1496275
0.1480475
0.146605
0.14679
0.1488875
0.1523
0.1555875
0.216305
0.2981575
0.3060275
0.2990725
0.295535
0.2757675
0.304935
0.271805
0.3298175
0.3458275
0.353695
0.35367
0.35884
0.42874
0.5340625
0.5886775
0.6117775
0.605815
0.5766775
0.5424175
0.536915
0.5737375
0.6314875
0.682005
0.719705
0.699155
0.6942525
0.715445
0.7637125
0.7881275
0.809835
0.819015
0.89447
0.901135
0.867125
0.9017875
0.889925
0.8814825
0.8694525
0.8173525
0.79578
0.78407
0.762245
0.76213
0.7299225
0.7519925
0.77383
0.8037425
0.79821
0.7501425
0.7504875
0.7544325
0.73977
0.7303375
0.7133575
0.68851
0.6557925
0.6240075
0.5853525
0.5588425
0.53759
0.62449
0.58368
0.54451
0.5707775
0.553525
0.56792
0.5735325
0.6025525
0.615525
0.62457
0.6368175
0.65226
0.6815125
0.7004925
0.7130925
0.7045875
0.6902125
0.70786
0.717065
0.74307
0.7949675
0.80918
0.8650875
0.9123925
0.94156
0.89141125
0.9076575
0.930735
0.932485
0.9189725
0.8899375
0.89148
0.9148325
0.936985
0.94703
0.9324875
0.8706625
0.8553375
0.8754875
0.903895
0.9222275
0.9197225
0.92868
0.9182325
0.9090925
0.9374725
0.997965
0.9525425
0.861885
0.829865
0.76877
0.72995
0.7287325
0.7156625
0.7110625
0.7100725
0.71374
0.7185875
0.7215175
0.7059325
0.6766775
0.6633175
0.6339825
0.590105
0.5538725
0.529195
0.469075
0.4526375
0.389935
0.406755
0.4320075
0.4382725
0.4576225
0.5193
0.5558425
0.5709275
0.5744325
0.5715825
0.56965
0.573465
0.58325
0.60022
0.612355
0.614585
0.58652
0.5851
0.5969675
0.6126625
0.619585
0.631425
0.64367
0.513465
0.5078575
0.494375
0.4761975
0.433315
0.3918575
0.366305
0.3416625
0.31498
0.2600725
0.2032075
0.168775
0.1589225
0.1712575
0.187685
0.1798875
0.19051
0.2401975
0.225895
0.196655
0.133255
0.134975
0.1397375
0.149175
0.1736125
0.179205
0.1826525
0.1832475
0.177545
0.1702025
0.15165
0.1638675
0.2028625
0.158825
0.1477725
0.13468
0.13591
0.160345
0.25823
0.34097
0.3957125
0.41468
0.42242
0.436125
0.46163
0.476755
0.4846825
0.48328
0.43555
0.3732925
0.3693
0.3590025
0.312345
0.3352275
0.335985
0.3517875
0.3422025
0.34328
0.3365675
0.3336075
0.338835
0.33978
0.3480275
0.363
0.3617525
0.3491225
0.350105
0.3588925
0.37274
0.3828325
0.3764675
0.3344825
0.23823
0.16855
0.171375
0.173115
0.1741025
0.17756
0.1765775
0.1851925
0.293715
0.366815
0.376285
0.3464175
0.2929175
0.2741
0.280005
0.3287075
0.35661
0.385205
0.3580575
0.354865
0.3487775
0.3279225
0.3617925
0.3273725
0.35193
0.3667675
0.37692
0.3815425
0.38768
0.3909525
0.4003025
0.395075
0.47781
0.559415
0.5978025
0.60814
0.60437
0.6206875
0.654545
0.7242825
0.7731275
0.7968725
0.8043425
0.806565
0.815945
0.831185
0.8406925
0.8490075
0.8031175
0.8017975
0.81538
0.885645
0.8790575
0.856805
0.81736
0.7752025
0.75609
0.75428
0.743315
0.7386375
0.7351775
0.7383375
0.75427
0.76245
0.7702425
0.755105
0.7343675
0.7512325
0.778515
0.80681
0.821965
0.8436425
0.8801675
0.9128775
0.928905
0.925255
0.9079175
0.8712325
0.8134825
0.760865
0.7411175
0.741225
0.7396375
0.7268275
0.7180775
0.72175
0.7357625
0.7493275
0.75926
0.7329625
0.73281
0.7384975
0.75626
0.7753075
0.789385
0.8048325
0.7906625
0.796055
0.8330625
0.7899575
0.8200825
0.8260275
0.7657
0.7258275
0.7097175
0.70666
0.6947275
0.6835075
0.6866525
0.6894525
0.704305
0.7249075
0.732845
0.70686
0.70705
0.7178175
0.7379475
0.7564625
0.76116
0.7542375
0.7699325
0.78585
0.826965
0.775125
0.8146425
0.8150275
0.766485
0.72532
0.7080725
0.7052175
0.6880475
0.6777375
0.68066
0.6913475
0.7076075
0.7361225
0.7538575
0.7183275
0.7100975
0.723265
0.75057
0.7711925
0.7855825
0.7949375
0.7900975
0.7991725
0.843465
0.9021375
0.86262
0.80797
0.783995
0.73849
0.715945
0.711315
0.6942975
0.6853275
0.6860625
0.7033775
0.721785
0.7475425
0.7625825
0.7361425
0.733325
0.74748
0.7744025
0.7965425
0.8106575
0.8297175
0.8538925
0.86002
0.8454025
0.8951125
0.9209975
0.859695
0.8651075
0.864455
0.854955
0.8050325
0.7424625
0.7070925
0.673945
0.6909325
0.74015
0.8313175
0.86315
0.806305
0.782265
0.799625
0.819855
0.8132025
0.8190075
0.8265925
0.828385
0.8578675
0.8611125
0.8384325
0.838035
0.844845
0.845995
0.8511525
0.845965
0.79413
0.826525
0.704925
0.67061
0.6687125
0.7394675
0.8428175
0.918635
0.86346
0.8299825
0.842285
0.87376
0.89327
0.8828125
0.90524
0.9190125
0.90667
0.918735
0.928265
0.9746075
0.9221225
0.8362525
0.7747425
0.7528725
0.734985
0.710635
0.70458
0.7029
0.71065
0.730495
0.7463275
0.763875
0.754355
0.75887
0.7603
0.7851725
0.8116675
0.8325925
0.865595
0.8998625
0.9326475
0.951185
0.9503425
0.9397
0.89827
0.836345
0.7853125
0.7675975
0.7669425
0.75178
0.741975
0.7417875
0.746495
0.74996
0.76087
0.7709275
0.752765
0.7608175
0.7604125
0.7918875
0.8144725
0.8299075
0.8593225
0.887175
0.9196575
0.9388025
0.9337625
0.91767
0.88278
0.8268375
0.771675
0.749375
0.7433
0.73309
0.72346
0.72121
0.7215775
0.7332475
0.755205
0.769555
0.7452925
0.7398575
0.747045
0.7662175
0.78115
0.79121
0.7941675
0.7879125
0.7979875
0.81857
0.84244
0.7431
0.75077
0.75225
0.7071175
0.6907425
0.669305
0.612635
0.5250625
0.4687725
0.4642525
0.5098625
0.604805
0.6755875
0.659435
0.62929
0.6155875
0.59975
0.595405
0.60068
0.5792275
0.5749525
0.590295
0.6061675
0.579
0.543895
0.5108175
0.5331925
0.54175
0.5597725
0.500925
0.46155
0.4585125
0.4625
0.484805
0.557925
0.6626975
0.7290575
0.7052575
0.675345
0.7061475
0.7169025
0.7192425
0.725635
0.7198525
0.67665
0.695475
0.7053675
0.701245
0.7001625
0.673595
0.65978
0.6678725
0.6331775
0.5917225
0.5355875
0.512175
0.51564
0.5146625
0.57012
0.6467925
0.6730325
0.62183
0.6021975
0.616565
0.6139725
0.5847275
0.566905
0.5360725
0.49708
0.451215
0.4129375
0.3826975
0.4041225
0.3647575
0.3762925
0.4057375
0.4085825
0.3439325
0.261185
0.2502125
0.2522825
0.263095
0.2818775
0.4070425
0.5493575
0.6173025
0.6271125
0.6123975
0.6128725
0.6025125
0.62801
0.63449
0.64334
0.666015
0.6792025
0.675525
0.6524775
0.607195
0.5972075
0.6007225
0.5779675
0.5578975
0.5228825
0.5363
0.5291125
0.5275675
0.52686
0.5340475
0.53706
0.4979675
0.5375825
0.533605
0.5244875
0.523015
0.542665
0.575325
0.6178375
0.64128
0.6503425
0.6611575
0.673015
0.70281
0.746375
0.7290075
0.72016
0.721895
0.716935
0.7150425
0.7231625
0.7343125
0.74951
0.7663975
0.77271
0.7476625
0.746095
0.7522325
0.79081
0.81648
0.8347425
0.86135
0.87192
0.8986725
0.943145
0.9320525
0.8600475
0.8317925
0.794535
0.7248475
0.68798
0.700085
0.6659975
0.6370825
0.61533
0.62621
0.63675
0.65405
0.6604475
0.641955
0.6169025
0.59054
0.569095
0.5507375
0.556685
0.55719
0.5999175
0.6091825
0.5768675
0.630675
0.60606
0.608815
0.6505875
0.6791375
0.676845
0.656585
0.6274
0.588535
0.58077
0.6042075
0.631275
0.677905
0.68327
0.646765
0.62291
0.5982425
0.59916
0.59376
0.60547
0.5995425
0.62633
0.656965
0.6584875
0.66044
0.712495
0.679255
0.718285
0.72098
0.70804
0.7004375
0.6961275
0.6964325
0.70354
0.7107125
0.7314625
0.754985
0.7643575
0.73667
0.7252525
0.73499
0.721645
0.666775
0.620715
0.5521325
0.5044475
0.44505
0.401245
0.4190375
0.5307675
0.5476675
0.5765975
0.61702
0.576845
0.547965
0.5285175
0.52548
0.5460325
0.6011625
0.6731725
0.748615
0.796565
0.74308
0.728155
0.7416225
0.70457
0.6596475
0.64246
0.642085
0.665575
0.6982625
0.640795
0.705485
0.721395
0.75582
0.76345
0.7607
0.7109325
0.63432
0.5773525
0.565185
0.5717775
0.6405525
0.6469
0.7488425
0.8439375
0.8554425
0.839225
0.8422725
0.8434425
0.8304375
0.828485
0.8233175
0.9394
0.8534575
0.809705
0.7807875
0.75575
0.7979525
0.78859
0.74691
0.7200675
0.71813
0.705685
0.6893375
0.6831775
0.68823
0.697045
0.7124525
0.7332975
0.71745
0.7034
0.71697
0.752295
0.7508075
0.73727
0.71423
0.7006825
0.68686
0.6859125
0.693085
0.6734375
0.6604075
0.6772975
0.6850275
0.669005
0.63513
0.6001875
0.5574825
0.5428825
0.5557925
0.580055
0.61643
0.6521325
0.66316
0.65849
0.64937
0.6229125
0.6091825
0.6087275
0.598385
0.595835
0.60832
0.6253725
0.6231725
0.60845
0.59352
0.62006
0.6435125
0.65746
0.6532975
0.647035
0.6295075
0.6255
0.6277075
0.6546975
0.693795
0.72291
0.703065
0.70582
0.70133
0.743
0.7655
0.7782625
0.798825
0.7960275
0.8555825
0.8228975
0.789115
0.8073075
0.78399
0.783725
0.738805
0.69722
0.6837025
0.6614225
0.65363
0.613965
0.5852925
0.6005925
0.6351225
0.6699975
0.67421
0.6587425
0.650915
0.618555
0.6002075
0.6025225
0.587805
0.5976475
0.5931725
0.58217
0.63528
0.620205
0.5806625
0.5973725
0.5834475
0.5659775
0.563235
0.5574825
0.55289
0.55003
0.56216
0.5751975
0.5846675
0.60186
0.5851725
0.575135
0.5860575
0.603905
0.6187525
0.6131725
0.60045
0.5370175
0.54256
0.548225
0.55274
0.5511925
0.5531625
0.54598
0.5252875
0.48964
0.4576
0.4016275
0.362345
0.344345
0.344785
0.3781525
0.4016625
0.454285
0.44903
0.42846
0.43764
0.4551025
0.447395
0.4570675
0.444945
0.3736975
0.32056
0.392635
0.497275
0.35324
0.3398075
0.3339125
0.3762075
0.4144525
0.4137425
0.3984725
0.3777725
0.3374625
0.28117
0.2794925
0.3341775
0.4303775
0.4686125
0.44015
0.4448025
0.4636025
0.4720825
0.4746
0.488415
0.465045
0.48798
0.5171925
0.51157
0.52463
0.4900425
0.5395675
0.53062
0.54011
0.4865825
0.418595
0.336375
0.29189
0.370815
0.44284
0.46052
0.5540375
0.54748
0.492535
0.5067175
0.5062775
0.5008275
0.51689
0.5281925
0.5915875
0.5970975
0.5988575
0.6057625
0.5965325
0.592235
0.6353825
0.6417975
0.562795
0.5001675
0.4612775
0.4093625
0.4456125
0.397745
0.4419625
0.5784825
0.7170625
0.7264825
0.68629
0.691255
0.71651
0.728935
0.751675
0.78708
0.7886875
0.8924
0.8791225
0.8790025
0.8762875
0.86887
0.7997575
0.742265
0.723795
0.66183
0.5544825
0.518585
0.5387825
0.5217625
0.5754275
0.6804575
0.7678275
0.760335
0.7205
0.7248725
0.74201
0.731015
0.68659
0.644615
0.6117725
0.6115075
0.645435
0.63304
0.5786475
0.586375
0.5985475
0.5228275
0.5190875
0.44288
0.393325
0.366305
0.40333
0.3731875
0.4337725
0.51022
0.6232375
0.665355
0.6248475
0.6328325
0.6151125
0.59913
0.5762275
0.5461325
0.6029725
0.521835
0.469115
0.4438175
0.5333925
0.5657925
0.596655
0.636085
0.641435
0.61549
0.598055
0.580615
0.5884275
0.5998425
0.624105
0.6475675
0.6825075
0.70059
0.685395
0.7026075
0.72304
0.7088475
0.7234725
0.7150125
0.75027
0.780555
0.80564
0.8087125
0.802565
0.807035
0.801825
0.7815575
0.7352975
0.69468
0.6754975
0.6520875
0.64403
0.6584825
0.680055
0.6928275
0.71018
0.6898325
0.6506075
0.66415
0.67065
0.6266725
0.572365
0.49338
0.434055
0.376225
0.3142175
0.248745
0.234225
0.2183825
0.2037575
0.19532
0.1865075
0.1876875
0.1735425
0.169035
0.2070425
0.2255825
0.31765
0.405895
0.4736525
0.4847125
0.4578225
0.4661975
0.48717
0.497165
0.495315
0.4951625
0.4347425
0.3709675
0.32651
0.3267975
0.3101425
0.3145475
0.370885
0.361765
0.3320025
0.2363775
0.1452025
0.12556
0.1238475
0.123495
0.1244125
0.125155
0.1273575
0.125765
0.1229075
0.1236825
0.1293075
0.13686
0.1427625
0.1539225
0.16563
0.172035
0.17716
0.1761025
0.1706775
0.160695
0.1877325
0.24916
0.2698475
0.219575
0.1683525
0.1377025
0.127925
0.1288925
0.1579725
0.249535
0.3542325
0.3936075
0.3817625
0.3880375
0.397865
0.376215
0.3167075
0.1996
0.1228675
0.1271875
0.1278675
0.1265625
0.1221875
0.113535
0.10072025
0.09208175
0.089474
0.0886165
0.08756625
0.08652725
0.08709675
0.0878455
0.08934925
0.0905635
0.09145
0.09112775
0.0890295
0.090194
0.0948685
0.10069225
0.1053675
0.113035
0.1673425
0.1733725
0.177745
0.176115
0.171915
0.16733
0.300865
0.36192
0.35159
0.28899
0.239415
0.15136
0.1285875
0.1267925
0.126965
0.12867
0.13003
0.127145
0.1230625
0.1235675
0.1303825
0.137565
0.14371
0.153095
0.1636475
0.16842
0.17039
0.1704325
0.16567
0.1584675
0.1418225
0.139835
0.223065
0.23456
0.203485
0.1779775
0.1418325
0.1527875
0.187015
0.3075975
0.4109575
0.4531025
0.4416625
0.4383375
0.4527675
0.457635
0.4589425
0.4687475
0.48106
0.4984625
0.50796
0.511125
0.5151525
0.526025
0.52078
0.4956375
0.4479025
0.31971
0.193885
0.1619125
0.162605
0.1658225
0.166255
0.16689
0.1981425
0.2626825
0.2672325
0.2055775
0.15971
0.16464
0.1680925
0.179135
0.1535875
0.15989
0.1638625
0.1641525
0.163865
0.165175
0.167425
0.1626375
0.15126
0.1418675
0.1350775
0.129705
0.1318025
0.1388725
0.1422175
0.1437025
0.1447975
0.26168
0.3404425
0.321965
0.2565475
0.2151225
0.2625275
0.22637
0.191295
0.195165
0.198175
0.19453
0.2097025
0.263795
0.33579
0.3350425
0.323475
0.2515725
0.1627575
0.13768
0.1362525
0.14204
0.14132
0.14078
0.14932
0.1977675
0.1943375
0.1822825
0.1399425
0.143355
0.148015
0.1553075
0.159955
0.1643
0.1672925
0.16646
0.1636225
0.158345
0.14519
0.1356825
0.13172
0.12981
0.1269325
0.1251875
0.126935
0.1306025
0.14599
0.2808775
0.3885625
0.409905
0.3870675
0.39157
0.40467
0.3721525
0.3295
0.2191375
0.1697275
0.174995
0.17725
0.176165
0.17778
0.236305
0.3349725
0.372145
0.3585725
0.301795
0.2330825
0.183895
0.15777
0.20267
0.1829275
0.2504525
0.36341
0.4264075
0.4222675
0.424585
0.4431425
0.4451825
0.4404925
0.440255
0.41788
0.3881975
0.3384675
0.2995675
0.2727275
0.2607725
0.272195
0.2314625
0.138745
0.1282925
0.1248175
0.1222775
0.12348
0.123425
0.12566
0.12782
0.1303325
0.13967
0.23464
0.2693125
0.23714
0.19889
0.1933675
0.1856025
0.3787625
0.3011225
0.321535
0.387405
0.4395275
0.432195
0.4030675
0.3774
0.360145
0.338545
0.3290375
0.2987375
0.293145
0.3267925
0.412915
0.455945
0.4991875
0.5017975
0.4797675
0.4818575
0.4845975
0.4802075
0.4810175
0.47567
0.4427875
0.4318575
0.4232075
0.4669675
0.4735075
0.48839
0.506065
0.483745
0.399795
0.3975325
0.4104775
0.3218475
0.3286775
0.414905
0.4642275
0.5162075
0.5319
0.51327
0.4764225
0.47401
0.487665
0.485205
0.4789925
0.3870325
0.287225
0.29865
0.303895
0.30346
0.2989875
0.298925
0.3020275
0.289875
0.2640925
0.2513375
0.2395575
0.2278
0.2280625
0.240265
0.248885
0.269935
0.494585
0.6336725
0.56455
0.6170575
0.5935425
0.549665
0.5524525
0.5732
0.593665
0.6720975
0.56966
0.546425
0.571955
0.605975
0.645685
0.6540925
0.617875
0.5675775
0.529815
0.5264525
0.5244575
0.5397775
0.5713025
0.6010775
0.64058
0.670935
0.68625
0.667465
0.642835
0.6211475
0.6031575
0.6306925
0.6498675
0.6618775
0.7057825
0.7715075
0.68861
0.7359175
0.7639275
0.74671
0.7305725
0.727915
0.7216425
0.71447
0.7151475
0.715705
0.72363
0.7441025
0.77499
0.7963325
0.76537
0.767785
0.814615
0.842845
0.86215
0.8801525
0.832935
0.840965
0.83491
0.798575
0.77657
0.7278025
0.672875
0.6202975
0.540045
0.43889
0.3419
0.301525
0.2546575
0.2288425
0.2299325
0.241845
0.3074275
0.3666175
0.4137025
0.43624
0.46752
0.4902225
0.512975
0.547215
0.6551975
0.68217
0.6849075
0.6801575
0.7017875
0.695155
0.658295
0.620125
0.591495
0.5764225
0.5624825
0.547905
0.5340075
0.5143825
0.4727275
0.417865
0.4030425
0.4062925
0.3956175
0.3159575
0.2175425
0.204235
0.2158675
0.233275
0.2668175
0.2777
0.28017
0.27932
0.271095
0.2804775
0.3995475
0.40076
0.3653425
0.33671
0.258565
0.21406
0.2164025
0.222235
0.2237275
0.3195875
0.5132175
0.659195
0.67683
0.6658625
0.7058275
0.730325
0.7577225
0.7844175
0.649245
0.66338
0.6651625
0.669515
0.6686925
0.667015
0.6605375
0.620085
0.558575
0.4970475
0.4425975
0.403985
0.35126
0.4462075
0.4292475
0.4979325
0.553215
0.5676425
0.529705
0.5170725
0.516285
0.4943425
0.45537
0.3985575
0.3474175
0.33627
0.3072075
0.2932325
0.28896
0.2904775
0.2989425
0.2858925
0.26631
0.2518875
0.242905
0.23341
0.2339825
0.24395
0.260165
0.259945
0.267985
0.45401
0.5049075
0.4780825
0.44361
0.4629875
0.485375
0.5035075
0.5522575
0.6441375
0.68838
0.6854725
0.693285
0.73057
0.69595
0.65004
0.615275
0.525485
0.45113
0.45349
0.462505
0.4638175
0.53137
0.649845
0.70997
0.7350625
0.7062575
0.6955075
0.73375
0.7558225
0.779035
0.7997675
0.74956
0.762165
0.7772575
0.763965
0.7341075
0.6870675
0.62099
0.569505
0.5552275
0.5236925
0.42119
0.2956675
0.2873575
0.2820525
0.2505675
0.3135
0.44761
0.5282775
0.508825
0.502535
0.4831325
0.4157675
0.367855
0.311035
0.412205
0.34941
0.282585
0.2794875
0.3161975
0.426605
0.5432375
0.48313
0.5024075
0.441855
0.340335
0.23419
0.2065525
0.20717
0.2103875
0.235255
0.3993175
0.568305
0.5873175
0.5678675
0.5937675
0.6124625
0.61494
0.598875
0.537105
0.552175
0.55067
0.54605
0.5459175
0.5352475
0.5192625
0.493385
0.4506475
0.3997125
0.301715
0.2173275
0.2147675
0.232655
0.22013
0.3349175
0.4410125
0.50722
0.49832
0.4780525
0.4831125
0.4555125
0.42936
0.335725
0.237595
0.17072
0.1719625
0.16829
0.19713
0.2764075
0.333085
0.342925
0.2877375
0.187065
0.1278125
0.124665
0.1252525
0.1302375
0.1272525
0.126895
0.1299075
0.23987
0.32949
0.330625
0.29911
0.262455
0.18568
0.1544225
0.1625825
0.170055
0.1734625
0.1736475
0.171
0.167915
0.16391
0.15366
0.1415725
0.133225
0.1305575
0.1283875
0.130495
0.13456
0.139075
0.141425
0.1433625
0.14887
0.289165
0.37056
0.3868175
0.4140825
0.42056
0.4654825
0.52221
0.537035
0.559845
0.5758975
0.5952425
0.5454025
0.3998375
0.2534575
0.1930025
0.17744
0.16594
0.1577825
0.1579775
0.1637425
0.1618625
0.1610225
0.1596325
0.15425
0.14722
0.1449575
0.151565
0.1585
0.16108
0.1736525
0.19263
0.199655
0.204265
0.2020625
0.22146
0.3548775
0.4352475
0.39809
0.3799275
0.358505
0.2513425
0.1738825
0.13785
0.1355275
0.13902
0.139715
0.152985
0.203525
0.2310525
0.17208
0.1502725
0.144765
0.1521825
0.1653925
0.287915
0.2986725
0.307165
0.303055
0.2920825
0.28076
0.36548
0.34713
0.350915
0.258685
0.21724
0.21323
0.2147225
0.214045
0.2407625
0.2864575
0.3642425
0.47666
0.567215
0.5724175
0.6073875
0.608055
0.6199275
0.5989125
0.6295875
0.6787275
0.6801625
0.61983
0.631105
0.66137
0.6905925
0.6852425
0.6564025
0.58358
0.5097525
0.488345
0.50631
0.5599125
0.62091
0.685845
0.7490925
0.7494575
0.7496075
0.7347725
0.73052
0.6890925
0.65512
0.6240725
0.6313425
0.66248
0.6744925
0.6603025
0.646285
0.66913
0.6695
0.6423625
0.613225
0.55277
0.483445
0.45356
0.4538875
0.4245225
0.4472625
0.462825
0.55561
0.64024
0.65209
0.63932
0.66621
0.6717575
0.667745
0.6687475
0.682475
0.749105
0.842155
0.764935
0.7150625
0.7256775
0.6797225
0.6241925
0.594875
0.5426075
0.477655
0.440965
0.46071
0.468095
0.4795725
0.503545
0.6023025
0.672255
0.6632625
0.6440275
0.6756025
0.7063775
0.7230875
0.7214575
0.6880975
0.703025
0.7093825
0.6941925
0.6816975
0.6745175
0.6492125
0.56297
0.43303
0.26381
0.21664
0.214765
0.2167775
0.223225
0.2294875
0.2343425
0.27794
0.53426
0.58998
0.57348
0.5994925
0.6033775
0.626625
0.6168125
0.6524
0.6912375
0.6805025
0.727295
0.7569825
0.77119
0.7609325
0.68701
0.51009
0.33984
0.3040775
0.3068425
0.31682
0.3358925
0.341315
0.3433125
0.4836625
0.756155
0.80727
0.786835
0.8172625
0.81703
0.824315
0.834135
0.801595
0.814365
0.8299025
0.928565
0.8804325
0.824035
0.757405
0.688205
0.55311
0.40617
0.28511
0.2768875
0.279335
0.28712
0.2949725
0.41961
0.6256
0.7929075
0.80617
0.8106875
0.80416
0.8345125
0.8354675
0.9085725
0.8864525
0.9075275
0.8714675
0.851495
0.8112725
0.730625
0.6759175
0.6472825
0.568535
0.4560675
0.34385
0.25877
0.3202325
0.2464675
0.2477175
0.3481675
0.5360475
0.664035
0.6759425
0.6706375
0.698395
0.692655
0.6375725
0.55922
0.4725525
0.4304125
0.3994825
0.3232675
0.2880575
0.32267
0.3344825
0.2817625
0.2066575
0.20178
0.1975375
0.1972825
0.205035
0.207305
0.21434
0.2949325
0.4622325
0.5966875
0.61582
0.6268525
0.6759375
0.7112975
0.7507775
0.792655
0.7979375
0.80414
0.8067075
0.784845
0.730725
0.6519775
0.61342
0.5722675
0.5498075
0.44546
0.31243
0.218345
0.2118925
0.2147775
0.2163475
0.26272
0.4488725
0.59488
0.6066425
0.5970325
0.6160925
0.59831
0.5514725
0.4861875
0.5397075
0.4531525
0.48131
0.45184
0.4867925
0.4974675
0.449205
0.4546125
0.3613
0.27313
0.2049975
0.2098475
0.210615
0.2145525
0.216455
0.228095
0.38309
0.5584075
0.5847525
0.5852925
0.6162925
0.6170325
0.6361425
0.6696675
0.7032275
0.7596875
0.812725
0.829065
0.8158475
0.798575
0.750765
0.6833425
0.5811375
0.45125
0.33929
0.32796
0.3838725
0.3270825
0.3738825
0.525235
0.6711975
0.7066475
0.7004225
0.7069725
0.724785
0.7484225
0.781475
0.7861325
0.71487
0.685145
0.6851225
0.7011475
0.745995
0.7717075
0.7463325
0.66921
0.5286825
0.3812325
0.358125
0.3610025
0.372895
0.385735
0.398785
0.3932825
0.45357
0.6888625
0.80246
0.7985225
0.7529675
0.7640425
0.77536
0.7944225
0.9052075
0.919875
0.8365225
0.8596
0.8521875
0.84973
0.783625
0.743175
0.720275
0.628455
0.5626775
0.5527325
0.54624
0.5845525
0.588485
0.6179575
0.72821
0.81951
0.8017975
0.81627
0.861885
0.86185
0.85574
0.8841475
0.9169
0.896715
0.88477
0.88344
0.89442
0.8455925
0.78416
0.75571
0.6952125
0.63293
0.5311575
0.55292
0.5508825
0.586475
0.6045525
0.642945
0.7401625
0.82318
0.823305
0.81552
0.8780925
0.905485
0.915025
0.911875
0.69667
0.707765
0.706455
0.6763125
0.62833
0.567285
0.523815
0.48892
0.442085
0.3777125
0.2773225
0.2166225
0.1678125
0.14617
0.144035
0.1592375
0.1886875
0.24337
0.32701
0.3291425
0.2572825
0.1879425
0.169805
0.1805325
0.1890925
0.1923425
0.2126825
0.231105
0.32915
0.4296925
0.4072125
0.3982525
0.3221475
0.2762275
0.23772
0.1843675
0.1475975
0.15571
0.1570175
0.15184
0.19681
0.34156
0.3941675
0.396075
0.414445
0.37853
0.27725
0.1968975
0.253085
0.2537425
0.25084
0.24682
0.2479475
0.31242
0.3143925
0.296755
0.28156
0.192755
0.179385
0.181495
0.18325
0.1873275
0.1927225
0.19388
0.26408
0.4150475
0.522635
0.54461
0.5762325
0.6000125
0.6003725
0.6284125
0.6896375
0.69968
0.73037
0.758915
0.79887
0.8348675
0.7935075
0.7296025
0.660395
0.5593025
0.444205
0.3863225
0.3610575
0.33329
0.3611125
0.44579
0.6326125
0.76278
0.7840025
0.7809
0.816035
0.84834
0.89038
0.93445
0.758585
0.7629425
0.7569075
0.75012
0.740225
0.7394125
0.6841
0.581395
0.387145
0.20595
0.1929275
0.19921
0.2099475
0.2137375
0.216635
0.2303275
0.4560875
0.6078975
0.6248275
0.5979775
0.5974775
0.5534575
0.4979025
0.35501
0.24412
0.211775
0.20826
0.19819
0.19214
0.218715
0.28292
0.14448
0.1443175
0.1403925
0.1371825
0.1354625
0.134945
0.13622
0.1402125
0.144495
0.13988
0.145795
0.2443325
0.3347025
0.35377
0.3364025
0.29028
0.237295
0.342575
0.35622
0.2677525
0.2889475
0.3312875
0.41433
0.3931075
0.3762875
0.2361125
0.14822
0.1414775
0.1454575
0.14789
0.1487925
0.1501675
0.2198125
0.3560325
0.4345275
0.4519875
0.4612725
0.4790625
0.4804325
0.46013
0.357485
0.27956
0.2322575
0.1958825
0.1878975
0.198535
0.2452375
0.2872325
0.2239025
0.14497
0.1382825
0.133045
0.13363
0.130925
0.1309875
0.1323625
0.13908
0.1365175
0.1469275
0.2006075
0.20721
0.2376125
0.1962425
0.17032
0.1833125
0.1907675
0.19494
0.19285
0.2217
0.289385
0.37424
0.30862
0.32545
0.2035825
0.1401475
0.1376775
0.1368425
0.136825
0.1389475
0.144725
0.1446325
0.1485825
0.27948
0.376665
0.388325
0.41681
0.444405
0.415305
0.3786725
0.34536
0.3341875
0.35682
0.3842625
0.3590075
0.3236275
0.354575
0.2900025
0.1971025
0.1896125
0.1872125
0.1788275
0.1846275
0.19187
0.191545
0.2098625
0.357935
0.5088525
0.5469125
0.5571575
0.5681525
0.5875175
0.60571
0.6058575
0.55148
0.468295
0.402855
0.319535
0.312405
0.2697825
0.200605
0.1857225
0.1741825
0.16756
0.1585
0.157765
0.1592275
0.16325
0.164045
0.16489
0.1652875
0.1624675
0.16602
0.1722075
0.177825
0.1847975
0.196675
0.209225
0.2229025
0.231735
0.2340875
0.23194
0.233955
0.2387425
0.22684
0.2113675
0.199565
0.19244
0.188115
0.191095
0.198545
0.203965
0.20758
0.2057825
0.29372
0.489095
0.5640825
0.571755
0.5804375
0.59685
0.63523
0.6607775
0.6917275
0.6671475
0.6540725
0.6746
0.6647025
0.6448
0.5981525
0.5498775
0.4603625
0.3983375
0.3357875
0.2399625
0.22559
0.2299
0.233405
0.2268625
0.2322625
0.3977925
0.540235
0.55975
0.568385
0.5812525
0.6178375
0.658395
0.6653875
0.6475
0.67104
0.679535
0.6057
0.5744575
0.5054
0.4776325
0.418835
0.3534125
0.31602
0.2747825
0.2532325
0.27768
0.26269
0.2275325
0.299385
0.4336625
0.5507775
0.6044075
0.6280025
0.638285
0.6416825
0.6549725
0.668555
0.67948
0.6814275
0.6882225
0.705955
0.7190125
0.69603
0.621665
0.4726025
0.4355875
0.4597525
0.4002075
0.345155
0.334125
0.3786975
0.4372475
0.534225
0.64624
0.7199425
0.735705
0.760845
0.7946675
0.82488
0.8726575
0.75619
0.766435
0.7653875
0.7559125
0.7302525
0.6893375
0.6352575
0.5763775
0.5016375
0.4358025
0.36941
0.3229
0.3396375
0.2832775
0.257285
0.345985
0.483
0.5657325
0.598385
0.60828
0.6234025
0.6412125
0.6471725
0.62807
0.5580925
0.5405025
0.53405
0.5261575
0.5146425
0.49031
0.4515325
0.41719
0.3493475
0.1875825
0.1444825
0.140445
0.142105
0.14206
0.142265
0.1426975
0.140225
0.1387325
0.1385775
0.1493875
0.156105
0.1549175
0.1655575
0.1785475
0.1871825
0.1958925
0.1989275
0.1951125
0.1911575
0.1887575
0.18229
0.168435
0.156585
0.1506775
0.149225
0.1499525
0.1532325
0.1579675
0.159215
0.1591775
0.1579075
0.1570075
0.1578675
0.1624625
0.168265
0.1754675
0.189135
0.20255
0.2165625
0.2217425
0.22196
0.2199825
0.2206175
0.2246075
0.2184525
0.2023225
0.187945
0.1760625
0.166875
0.1659275
0.17067
0.1755625
0.1793825
0.17917
0.1749325
0.17881
0.3850325
0.4983375
0.4976675
0.50801
0.5360075
0.5367125
0.44105
0.4082475
0.4060525
0.3958525
0.421365
0.4681925
0.3959325
0.2688225
0.2056425
0.20248
0.198345
0.1997825
0.1978025
0.2014775
0.20768
0.215535
0.2684625
0.502665
0.6346025
0.65691
0.6777475
0.7240875
0.772675
0.8125975
0.83098
0.8072975
0.7677325
0.7194425
0.67845
0.653815
0.62843
0.568185
0.44997
0.3512875
0.298705
0.2612
0.2640975
0.2653725
0.27109
0.27806
0.382605
0.525985
0.6696225
0.743095
0.7603025
0.7724575
0.78403
0.78764
0.878555
0.913985
0.88401
0.849525
0.8536325
0.8481275
0.7724425
0.7314175
0.7190525
0.65976
0.6268075
0.62735
0.6350775
0.654065
0.666715
0.6823325
0.721045
0.7761825
0.8131525
0.8131575
0.8173775
0.8572925
0.9063275
0.8937575
0.9056125
0.875495
0.9117425
0.931095
0.88396
0.833545
0.76566
0.7304375
0.6366275
0.5431675
0.5021475
0.47472
0.4657
0.4984075
0.5005875
0.502315
0.56107
0.6512275
0.737915
0.7791125
0.7805175
0.7978825
0.78725
0.782055
0.8817575
0.793085
0.791435
0.801755
0.81825
0.81537
0.7651375
0.726285
0.6461775
0.579895
0.571065
0.5673375
0.5626375
0.5665425
0.582245
0.6166375
0.6519225
0.7098825
0.778345
0.8268275
0.8414125
0.8494925
0.8425425
0.79743
0.6392225
0.6427275
0.6343725
0.62135
0.6183675
0.6066075
0.5703275
0.5251475
0.4018725
0.2873275
0.349005
0.288775
0.1955975
0.251935
0.2217625
0.3377975
0.51296
0.585985
0.6123725
0.62665
0.6303575
0.63084
0.6267525
0.6188675
0.53408
0.519705
0.49655
0.4509575
0.39012
0.285575
0.1836675
0.17141
0.162225
0.1511825
0.14482
0.1442925
0.15052
0.154265
0.1571625
0.1554875
0.153025
0.152315
0.1473175
0.1488175
0.1458925
0.147555
0.1570575
0.164685
0.213535
0.220265
0.2217375
0.2222575
0.2226325
0.228915
0.21819
0.1996975
0.1875125
0.1782825
0.170485
0.170475
0.1737775
0.1781425
0.1818225
0.1842925
0.18185
0.25066
0.3196775
0.3692775
0.3635175
0.354035
0.30938
0.266885
0.253565
0.2569875
0.2537575
0.24085
0.274465
0.397195
0.407055
0.366745
0.32323
0.248285
0.174955
0.15483
0.1543625
0.157425
0.1695225
0.247485
0.3466475
0.4286525
0.445625
0.4574
0.46886
0.49098
0.4914425
0.5230725
0.5576125
0.58621
0.5760125
0.5697375
0.5808125
0.53136
0.4897825
0.4716825
0.4582925
0.4063275
0.3454975
0.2913025
0.2715425
0.2644875
0.27715
0.298345
0.276635
0.3811
0.4375375
0.44634
0.4538375
0.4572975
0.411625
0.3671625
0.3318975
0.3443
0.3627525
0.42409
0.4228575
0.484425
0.4581275
0.4374575
0.42134
0.362315
0.3122725
0.27446
0.2688675
0.3071725
0.399405
0.317565
0.3619625
0.425715
0.456365
0.473565
0.4858725
0.51254
0.4943325
0.4671725
0.6101375
0.6151725
0.53719
0.56825
0.62272
0.65423
0.64256
0.6179125
0.613955
0.5981075
0.589325
0.6015075
0.58072
0.61822
0.6149775
0.6341775
0.6813725
0.71478
0.728635
0.75019
0.75585
0.791915
0.8118275
0.7925025
0.78468
0.7861575
0.785385
0.792855
0.79348
0.7676925
0.6937275
0.5989
0.463875
0.3176325
0.2374425
0.239465
0.2485125
0.2563925
0.2579575
0.3113775
0.4805325
0.6445175
0.686475
0.7120575
0.721625
0.738125
0.7613925
0.7772525
0.808155
0.845815
0.8828725
0.902635
0.9147875
0.892495
0.8339675
0.7582825
0.66396
0.570215
0.49936
0.42744
0.356385
0.3980875
0.4134775
0.3793525
0.4489875
0.5874325
0.6502375
0.678515
0.682215
0.63623
0.649565
0.6715175
0.70383
0.7438275
0.74397
0.7417875
0.67147
0.6110325
0.5085125
0.499545
0.4753275
0.449195
0.42926
0.4076825
0.4366075
0.4264375
0.398125
0.3905975
0.4207325
0.478525
0.556395
0.6266575
0.6659925
0.6779425
0.68636
0.7250125
0.791255
0.831325
0.8550075
0.9230875
0.89273
0.8619
0.790085
0.718145
0.58254
0.479695
0.4623425
0.44887
0.4945375
0.47628
0.47417
0.476355
0.567895
0.6811475
0.7277875
0.8281725
0.809715
0.81033
0.79347
0.756485
0.726355
0.728005
0.7819975
0.81702
0.755875
0.6687225
0.6121525
0.566785
0.4399175
0.299495
0.2231175
0.223955
0.2264225
0.2330875
0.233255
0.28481
0.4821475
0.6437875
0.6956575
0.713965
0.72717
0.7595225
0.792925
0.825295
0.796015
0.8052525
0.7982975
0.7730275
0.7353425
0.6634725
0.597265
0.54858
0.43176
0.2970675
0.2124875
0.2095125
0.20793
0.210215
0.2137275
0.2931425
0.4093025
0.4700225
0.473235
0.48755
0.4653075
0.41135
0.4146675
0.472415
0.443115
0.4934725
0.495855
0.524045
0.54732
0.58497
0.55175
0.52492
0.49937
0.4352825
0.351565
0.2831075
0.30743
0.3083275
0.305235
0.3533875
0.4798275
0.5870925
0.6301525
0.6545825
0.681365
0.7095725
0.73556
0.7343975
0.7316025
0.7517325
0.7667075
0.7754
0.773315
0.739065
0.67325
0.6067025
0.5178975
0.429735
0.319785
0.275785
0.2862775
0.3383425
0.3094675
0.400645
0.5610075
0.6782075
0.71718
0.734335
0.74757
0.7775
0.8238025
0.8607975
0.8537825
0.827415
0.8059725
0.7782225
0.77185
0.7215775
0.620135
0.506645
0.3475825
0.310235
0.29397
0.2933875
0.30693
0.3138325
0.316985
0.3255725
0.482485
0.6681925
0.775575
0.815075
0.8180825
0.8244975
0.842955
0.855455
0.8284775
0.845205
0.83373
0.8154975
0.83011
0.7812575
0.7335725
0.6388725
0.532645
0.422925
0.337875
0.285155
0.282535
0.2879575
0.344305
0.3547025
0.524385
0.689865
0.7852775
0.8263975
0.846765
0.8594475
0.8305175
0.7915775
0.7488625
0.736275
0.74728
0.7855225
0.7446325
0.6914175
0.6239025
0.534235
0.4224225
0.3284925
0.3001775
0.301575
0.312125
0.3116175
0.3249675
0.4205175
0.5452075
0.6443375
0.66667
0.6919325
0.710845
0.7466275
0.7778475
0.824435
0.739385
0.751985
0.755165
0.7463575
0.72201
0.657035
0.598965
0.5448125
0.4841475
0.3629675
0.25364
0.193585
0.1937425
0.195895
0.19557
0.2180225
0.3360725
0.469305
0.5080125
0.522585
0.47776
0.337555
0.22604
0.23733
0.2820675
0.2858
0.287935
0.28124
0.32687
0.4472175
0.455655
0.435305
0.3401325
0.2416875
0.2245825
0.238775
0.2536425
0.313435
0.38007
0.4874075
0.5827425
0.63348
0.651205
0.6775575
0.7029175
0.7307075
0.7621175
0.789725
0.7700875
0.786415
0.7807075
0.7551775
0.721735
0.6577025
0.5967675
0.5513925
0.5245575
0.4659575
0.4237625
0.42403
0.4301275
0.4393875
0.449385
0.4639525
0.4852675
0.4649275
0.4684925
0.4885725
0.493105
0.4286225
0.37673
0.3530125
0.35451
0.33757
0.3903775
0.4548525
0.520775
0.5490475
0.4969275
0.35163
0.2135775
0.1962975
0.19303
0.198025
0.20445
0.2113025
0.216165
0.2565025
0.43022
0.572635
0.63381
0.67187
0.68845
0.6945025
0.7164
0.7562825
0.824415
0.804445
0.7821375
0.77084
0.7499425
0.679215
0.5468425
0.3717675
0.3080875
0.29647
0.283895
0.289475
0.29903
0.3153975
0.31342
0.314075
0.4276325
0.6485925
0.78133
0.7995975
0.7992425
0.799525
0.8408675
0.8930375
0.83695
0.8895525
0.8776925
0.8531325
0.821055
0.704885
0.635865
0.5951175
0.468905
0.3276075
0.279535
0.3543125
0.311605
0.3388125
0.35463
0.4364675
0.5600575
0.6560725
0.69243
0.7104825
0.71487
0.74313
0.7625025
0.7487575
0.652995
0.6616725
0.661525
0.658005
0.640005
0.5872
0.53699
0.494465
0.4478425
0.3633275
0.2526925
0.172925
0.1657575
0.16522
0.16655
0.1647475
0.2053275
0.29273
0.390095
0.414495
0.4338975
0.43312
0.4071775
0.376155
0.3558075
0.44158
0.37419
0.3943925
0.4808625
0.4793175
0.433085
0.3869475
0.2510125
0.1746825
0.172035
0.1737975
0.1734475
0.1842625
0.2563825
0.343175
0.4361075
0.5051675
0.5494725
0.5838575
0.610555
0.6404825
0.676175
0.692915
0.726905
0.716565
0.7108
0.7100975
0.711705
0.6598525
0.5384425
0.3533925
0.2442225
0.23652
0.232655
0.2377875
0.2506
0.262875
0.257585
0.258405
0.255255
0.3915025
0.62289
0.682815
0.6792
0.6828025
0.7258875
0.750855
0.70406
0.7234775
0.7271125
0.71427
0.699005
0.641255
0.55948
0.511805
0.405235
0.24324
0.1842775
0.1875225
0.1873825
0.19445
0.19632
0.22184
0.4092725
0.5414225
0.5946075
0.6152975
0.63245
0.641825
0.6571225
0.6653475
0.6284225
0.6217375
0.6042875
0.5849775
0.5777825
0.5404325
0.4727975
0.3539925
0.199165
0.18232
0.181035
0.17817
0.1833775
0.18496
0.1876625
0.189035
0.1871175
0.3545175
0.48678
0.510975
0.50823
0.412675
0.3054425
0.2458
0.3437475
0.35708
0.36753
0.37097
0.3781325
0.366845
0.3427275
0.317075
0.300615
0.2858125
0.2753925
0.2738475
0.28192
0.2863575
0.28903
0.2909825
0.293345
0.486305
0.6910875
0.7649975
0.77233
0.7714525
0.8192325
0.856165
0.8745275
0.951875
0.8986075
0.89519
0.8682825
0.78502
0.700485
0.657875
0.54462
0.4112625
0.3233025
0.2727425
0.33916
0.3314275
0.303075
0.404075
0.5517825
0.6709775
0.7187575
0.7366825
0.765785
0.8012725
0.830455
0.8275425
0.75794
0.7625725
0.7553625
0.7384275
0.7054825
0.643935
0.5847125
0.5381725
0.4751025
0.3503825
0.2653025
0.22555
0.2529525
0.288945
0.2362975
0.3053825
0.4327375
0.514545
0.528455
0.5492625
0.56664
0.5386925
0.4768975
0.41714
0.3887575
0.38748
0.3788
0.40447
0.47147
0.4850975
0.43776
0.313025
0.197605
0.1912525
0.186435
0.1874525
0.188925
0.195325
0.2002225
0.1998125
0.205795
0.327225
0.504835
0.5684
0.59845
0.62647
0.6788675
0.7246925
0.69632
0.7154075
0.7260375
0.72823
0.74206
0.735
0.65629
0.531435
0.36942
0.26461
0.2575725
0.2585875
0.26182
0.268495
0.26889
0.3155875
0.4788625
0.6429225
0.7475225
0.78253
0.805825
0.837885
0.874625
0.883995
0.8740225
0.8947725
0.89208
0.8796975
0.8501375
0.753685
0.683305
0.616135
0.50623
0.3952325
0.3478075
0.36749
0.3363475
0.304495
0.3899225
0.48702
0.5941675
0.671635
0.698385
0.72687
0.74551
0.75708
0.7347875
0.6993425
0.6552425
0.66537
0.6684175
0.671785
0.6788125
0.6431925
0.5967375
0.528485
0.4204275
0.2952625
0.2147225
0.2349725
0.32481
0.23815
0.328795
0.4496
0.5530625
0.6124625
0.636445
0.659855
0.675255
0.7027275
0.7327325
0.7549875
0.721475
0.72672
0.718275
0.6974375
0.652155
0.594145
0.560845
0.495785
0.3602075
0.2154775
0.19748
0.19563
0.1970975
0.2072525
0.2090725
0.207975
0.2070525
0.20642
0.36593
0.5739725
0.5993
0.6094125
0.64899
0.69179
0.7074075
0.71742
0.7236025
0.7247175
0.718885
0.6679775
0.5569775
0.3982725
0.243595
0.2054375
0.1984725
0.2014275
0.20088
0.20834
0.217005
0.3465275
0.4998125
0.5672525
0.5964325
0.61043
0.6133775
0.606745
0.5852275
0.45874
0.3623625
0.357535
0.3412125
0.43307
0.4296075
0.4108425
0.3719975
0.357435
0.2724875
0.1523225
0.12752
0.1260025
0.1253775
0.124655
0.1282775
0.1279275
0.13129
0.1412825
0.1505825
0.268335
0.29209
0.2267375
0.18249
0.171725
0.1957125
0.20241
0.20109
0.193415
0.17984
0.154005
0.1393575
0.133355
0.1300075
0.1273
0.125315
0.1254225
0.12616
0.1285475
0.131095
0.1341825
0.1362075
0.1370075
0.138675
0.1438575
0.1496825
0.15702
0.1714675
0.183745
0.2290325
0.2335075
0.233585
0.23298
0.3259975
0.3514625
0.3986275
0.3567525
0.2527475
0.178285
0.172965
0.170375
0.171445
0.178075
0.1806325
0.184375
0.3308475
0.491695
0.5440625
0.561235
0.5815775
0.5904
0.595255
0.5882075
0.5869925
0.605365
0.60872
0.6007225
0.5716525
0.5685975
0.532395
0.510125
0.4275225
0.32676
0.2396075
0.1904325
0.19397
0.1939775
0.1936675
0.21029
0.2864075
0.392865
0.507225
0.5687475
0.5937025
0.6200725
0.67379
0.7185325
0.66816
0.685895
0.6887275
0.69568
0.6976025
0.6605175
0.6032225
0.495415
0.2882375
0.19394
0.19117
0.1921575
0.2021275
0.2074925
0.208935
0.2245425
0.421855
0.5698775
0.6301425
0.6575825
0.6796075
0.689655
0.70154
0.681755
0.614455
0.5299
0.4706925
0.4250525
0.39681
0.34107
0.2864225
0.21853
0.20552
0.198165
0.1889275
0.1896575
0.194885
0.1998075
0.20461
0.1991675
0.2601675
0.4760575
0.53271
0.53445
0.546585
0.5494325
0.546345
0.5281325
0.4480775
0.330285
0.25607
0.2330975
0.278005
0.3718325
0.34468
0.20378
0.1426075
0.1386825
0.1341425
0.13214
0.132885
0.13296
0.1327875
0.1361075
0.138345
0.1398925
0.1517775
0.2466875
0.2999525
0.3144675
0.2475675
0.2169525
0.284695
0.28951
0.2888075
0.2858
0.3188575
0.32975
0.312235
0.25218
0.2061025
0.2002675
0.1986525
0.2013875
0.20383
0.21156
0.2119975
0.215915
0.24032
0.386
0.541815
0.6156125
0.647625
0.675145
0.7283475
0.77126
0.790695
0.8071575
0.8068725
0.7942475
0.772275
0.6731475
0.6106725
0.545015
0.4297225
0.32114
0.2429875
0.2171675
0.2196425
0.2221975
0.2258675
0.3183075
0.48612
0.6135825
0.6623175
0.69003
0.7227975
0.7412675
0.770485
0.7946775
0.6640075
0.666275
0.66481
0.662865
0.6534825
0.607225
0.5438875
0.451155
0.2566625
0.1822225
0.179885
0.18201
0.18274
0.18175
0.1825425
0.2894675
0.4386725
0.47528
0.4819625
0.4874075
0.5075625
0.510755
0.491945
0.46753
0.5149475
0.5031425
0.4306825
0.38829
0.37438
0.393505
0.35154
0.214815
0.15257
0.1465875
0.1424875
0.1411325
0.14307
0.144525
0.14629
0.1476925
0.1482475
0.1511275
0.1529025
0.159655
0.1664725
0.1727275
0.185655
0.19795
0.207705
0.212125
0.2148475
0.2162775
0.2164675
0.2060175
0.19364
0.18257
0.174415
0.1704525
0.16885
0.1719275
0.1759975
0.1809625
0.1819075
0.18526
0.29035
0.4841825
0.557785
0.5904175
0.621295
0.63173
0.6665925
0.6896325
0.81724
0.8319
0.8483625
0.863775
0.87767
0.827615
0.6887775
0.465745
0.327415
0.3125475
0.3035175
0.3057825
0.3164225
0.327845
0.33374
0.328595
0.3397
0.56375
0.76562
0.825445
0.83794
0.8308575
0.87671
0.8948075
0.9266175
0.95834
0.9399525
0.949975
0.9105575
0.76913
0.6863625
0.6026225
0.4541675
0.322295
0.249625
0.2633525
0.2726875
0.2657825
0.2747925
0.37742
0.529595
0.6608725
0.71686
0.7412575
0.7821775
0.81375
0.8506775
0.87692
0.8925825
0.87452
0.8583375
0.85447
0.7971925
0.7313925
0.657165
0.5626675
0.4287325
0.30588
0.233505
0.2339825
0.2324075
0.2336625
0.2371675
0.24226
0.333695
0.4711075
0.57812
0.6526675
0.67984
0.701335
0.693415
0.701725
0.77002
0.8150775
0.82061
0.7906425
0.815465
0.7368525
0.66341
0.6137125
0.4928
0.3718425
0.297345
0.3000075
0.3412125
0.3076825
0.3365825
0.4295825
0.5575875
0.673065
0.7224475
0.748535
0.7784975
0.7957775
0.8454075
0.87056
0.6679625
0.6715775
0.6647325
0.6467325
0.618705
0.5537975
0.496085
0.4496725
0.3979125
0.2948425
0.1481125
0.14271
0.1449525
0.1448425
0.14463
0.1721975
0.3113
0.3725825
0.3761975
0.394815
0.39387
0.3778
0.27183
0.2699925
0.2710375
0.2144575
0.1856225
0.1808875
0.203905
0.2893025
0.327595
0.270805
0.18422
0.1383725
0.13751
0.1370925
0.137585
0.140135
0.14223
0.1451225
0.1451325
0.2001175
0.3915125
0.4435075
0.4565
0.4762775
0.5021625
0.50121
0.47937
0.45526
0.4340375
0.401135
0.3810175
0.3488075
0.27017
0.17544
0.1635375
0.1571225
0.15478
0.1561575
0.1581875
0.161505
0.1657875
0.1700825
0.167965
0.1695925
0.3140975
0.481775
0.510575
0.51994
0.5537525
0.5847925
0.58359
0.5516425
0.5010975
0.45403
0.357785
0.2720525
0.2203475
0.2031675
0.189145
0.17976
0.1711775
0.168485
0.1739775
0.1794675
0.18224
0.18309
0.18035
0.205955
0.3928775
0.4955925
0.507265
0.5032875
0.53906
0.562175
0.54513
0.50571
0.497875
0.522435
0.5176075
0.5426325
0.49157
0.4191
0.2634375
0.2300125
0.2250875
0.229285
0.2312375
0.2339975
0.235945
0.24296
0.3287
0.5084625
0.6492125
0.6975275
0.72845
0.7533675
0.802575
0.814625
0.8712175
0.8725925
0.8887575
0.8783275
0.84524
0.759125
0.67971
0.657365
0.631015
0.5890975
0.553405
0.493265
0.529575
0.5337375
0.5037125
0.53612
0.604685
0.6466125
0.656855
0.693995
0.713705
0.675435
0.60196
0.5249025
0.5039375
0.45529
0.466615
0.51941
0.4884475
0.48783
0.469185
0.450165
0.38373
0.287375
0.225605
0.21593
0.218445
0.2225925
0.2225525
0.2837425
0.412735
0.529865
0.6145025
0.64922
0.671915
0.70202
0.75632
0.797295
0.74502
0.7592475
0.7576125
0.7552
0.73468
0.67584
0.6269125
0.598865
0.57939
0.55328
0.5149525
0.4817125
0.44645
0.42597
0.441425
0.4459275
0.44129
0.496495
0.524525
0.546565
0.5700925
0.580645
0.5256375
0.4365975
0.3762075
0.309305
0.2857125
0.2823525
0.34386
0.398965
0.39479
0.2969725
0.1531675
0.142325
0.14072
0.137055
0.1380225
0.1420275
0.1451375
0.1484825
0.164915
0.329835
0.440745
0.47582
0.4977325
0.5152
0.5438175
0.5512825
0.5137125
0.49758
0.47147
0.461305
0.4179775
0.3883725
0.3616425
0.2974975
0.2111375
0.152045
0.14864
0.150205
0.1527975
0.1569125
0.16523
0.16124
0.1678175
0.287775
0.3962975
0.42681
0.4303425
0.45746
0.43524
0.4059225
0.3756525
0.3548625
0.3121725
0.2673
0.2440475
0.2403025
0.2254525
0.2140425
0.1970175
0.1903025
0.1820025
0.17981
0.18358
0.18712
0.192605
0.19314
0.1878175
0.1988125
0.323025
0.474125
0.51111
0.50477
0.5024675
0.479735
0.644295
0.5999675
0.52894
0.5722525
0.6099525
0.56007
0.50739
0.4695825
0.3037675
0.17661
0.1707475
0.1726325
0.1724725
0.1765425
0.176875
0.17789
0.188355
0.30851
0.4610225
0.499485
0.5282975
0.54546
0.52842
0.5555125
0.44178
0.53893
0.5096475
0.5059525
0.5690125
0.590725
0.53787
0.4605875
0.3078175
0.2702975
0.2646175
0.2644225
0.2670625
0.27429
0.2831475
0.2854125
0.3828525
0.5805725
0.7437
0.8237875
0.857895
0.88409
0.91144
0.877215
0.927955
0.9324875
0.9438125
0.9383625
0.91761
0.8669425
0.781005
0.6858975
0.5692275
0.4632675
0.37293
0.3489175
0.402895
0.33444
0.340795
0.433385
0.56232
0.6859875
0.778675
0.815725
0.85538
0.878415
0.9054
0.924645
0.925335
0.9272725
0.953485
0.94943
0.92862
0.866425
0.7812875
0.6549475
0.512015
0.38738
0.3952175
0.352945
0.2846325
0.281265
0.352095
0.4701625
0.59552
0.71744
0.7672775
0.805915
0.839505
0.7870475
0.716675
0.686205
0.71491
0.73338
0.760125
0.734925
0.7443575
0.696885
0.633275
0.606755
0.5785375
0.5014375
0.4257575
0.3430475
0.2855925
0.31143
0.2945575
0.317315
0.43349
0.5594475
0.659475
0.7013
0.7312775
0.750635
0.8001375
0.835005
0.8291825
0.833215
0.8203425
0.818495
0.8062025
0.74813
0.647255
0.53226
0.39012
0.250625
0.2404875
0.241555
0.250485
0.2528625
0.2538
0.2603625
0.288675
0.4824875
0.6457375
0.7310025
0.755575
0.7674525
0.8034525
0.84727
0.850075
0.86438
0.8764125
0.8772325
0.884395
0.8259125
0.734895
0.5889175
0.429545
0.36876
0.3563675
0.359435
0.36609
0.3760425
0.3790925
0.3772175
0.5074
0.7137275
0.8151675
0.8713125
0.8651575
0.816585
0.7823825
0.7653575
0.8323225
0.8493675
0.79669
0.8250475
0.83893
0.824895
0.7821425
0.7389925
0.725345
0.6760225
0.6041725
0.519455
0.4899675
0.4956625
0.4991825
0.5167475
0.58942
0.690885
0.7644
0.8033725
0.8399325
0.8476175
0.82532
0.7965975
0.805875
0.783465
0.806525
0.81705
0.75659
0.71217
0.6433225
0.610915
0.5333875
0.413795
0.2821075
0.22437
0.2236375
0.2266375
0.22927
0.26796
0.38186
0.5368425
0.646645
0.68931
0.7184675
0.744545
0.797475
0.820435
0.706035
0.7136375
0.7109125
0.69307
0.6584625
0.6011925
0.5559
0.52392
0.4882325
0.4605325
0.44314
0.40825
0.35037
0.277165
0.1989775
0.1689
0.1666525
0.1661275
0.1699125
0.1743425
0.1804725
0.1888825
0.2047475
0.2168825
0.33796
0.34774
0.3475875
0.3439375
0.399175
0.429295
0.4178875
0.386285
0.2702725
0.244385
0.2437
0.2467875
0.2503275
0.256475
0.256285
0.266385
0.39688
0.595575
0.7393625
0.780535
0.805055
0.8358125
0.88918
0.9175775
0.933665
0.9813
0.975785
0.9476
0.8909575
0.796735
0.720395
0.6777425
0.5800375
0.4863575
0.4622725
0.466365
0.4832775
0.4935075
0.50101
0.51098
0.558255
0.64609
0.6841325
0.74596
0.801945
0.7901625
0.7625875
0.747175
0.745225
0.7489875
0.7414975
0.7499825
0.7583975
0.7467925
0.691885
0.5956125
0.4941075
0.410675
0.355885
0.31069
0.3079925
0.3478025
0.362475
0.3467825
0.4867625
0.6308775
0.7049025
0.7431325
0.77167
0.7647175
0.8114575
0.8155875
0.77619
0.7248925
0.6668775
0.63627
0.612675
0.52987
0.40886
0.3037525
0.2875925
0.2751775
0.261095
0.25997
0.26712
0.2743275
0.28031
0.2779025
0.3231725
0.5253225
0.66677
0.7331825
0.74109
0.74234
0.7824075
0.807385
0.7864125
0.7967825
0.796985
0.78757
0.8041375
0.800055
0.74092
0.66566
0.5394425
0.47571
0.3875725
0.3282725
0.3687075
0.282665
0.2815675
0.337415
0.46174
0.613405
0.7344825
0.78701
0.82029
0.80862
0.8361575
0.8359
0.8194675
0.8446875
0.8433
0.8284
0.80534
0.7276875
0.65851
0.6030775
0.52381
0.41242
0.3640725
0.2962875
0.330965
0.3356825
0.3478825
0.4199425
0.539735
0.6183325
0.6442325
0.6684325
0.69001
0.675025
0.6324375
0.6013525
0.62198
0.63562
0.6434
0.62708
0.622355
0.5998575
0.5967175
0.48452
0.380565
0.24201
0.2132225
0.21199
0.2120525
0.2142725
0.219025
0.230995
0.3492875
0.4894925
0.52047
0.5267325
0.533835
0.5190825
0.56112
0.59303
0.6433375
0.6533
0.66628
0.66442
0.7014675
0.7237175
0.6760975
0.62821
0.5628025
0.516345
0.4674925
0.44772
0.4528975
0.467465
0.4754025
0.4836075
0.51085
0.583065
0.66172
0.70047
0.7226175
0.7146275
0.64322
0.6377125
0.671255
0.7026
0.7176675
0.69895
0.688065
0.6294025
0.570165
0.538965
0.4926975
0.388315
0.364805
0.31376
0.3296175
0.309605
0.354675
0.444895
0.53489
0.5883225
0.61349
0.6421675
0.6628075
0.6484925
0.5948125
0.5188675
0.560225
0.589225
0.60768
0.6135375
0.613365
0.583885
0.5399825
0.5058
0.4754375
0.35769
0.2584725
0.191415
0.1933475
0.1991575
0.1971125
0.2304125
0.375645
0.5087275
0.5499475
0.5741575
0.5863275
0.5979675
0.6086075
0.59824
0.535515
0.534015
0.5230925
0.5456025
0.554045
0.5354225
0.47085
0.3452
0.321385
0.306115
0.291045
0.290675
0.30187
0.3073525
0.3103825
0.3125325
0.311785
0.37253
0.6341625
0.7995375
0.8513775
0.8497125
0.85834
0.8670575
0.9533425
0.9830875
0.9568225
0.9436975
0.9287075
0.8367075
0.7457325
0.697555
0.6815225
0.6523675
0.6266575
0.602265
0.61642
0.6273475
0.6091
0.623425
0.65341
0.693945
0.7073475
0.7457875
0.77191
0.7516875
0.7288175
0.7051925
0.7018575
0.7041475
0.721745
0.727375
0.6461825
0.6277475
0.57486
0.521385
0.5126725
0.496495
0.45808
0.4131275
0.37806
0.41102
0.42636
0.4273725
0.4303175
0.4319725
0.4398875
0.4602475
0.481935
0.4637575
0.42491
0.40604
0.430985
0.5160675
0.3856
0.4013325
0.4505975
0.5061125
0.5035625
0.4936375
0.4745975
0.4508425
0.44386
0.410945
0.4507925
0.417265
0.4286775
0.4343125
0.49357
0.585025
0.653385
0.6890875
0.70817
0.7262
0.678925
0.6166275
0.5838775
0.65588
0.6430075
0.591645
0.585025
0.626025
0.5913825
0.5602
0.54389
0.5109775
0.483525
0.475465
0.45731
0.47059
0.478975
0.494145
0.5666975
0.6098925
0.6321325
0.66451
0.68632
0.7150725
0.738725
0.74197
0.641455
0.643875
0.632125
0.6160025
0.5931425
0.547685
0.510295
0.4574525
0.3386225
0.17526
0.15315
0.15231
0.1572175
0.1563725
0.15897
0.1604775
0.1617825
0.292695
0.4671
0.5121475
0.52988
0.5597325
0.576595
0.5725025
0.5107775
0.4110475
0.357275
0.3289075
0.2875
0.2161125
0.1915925
0.1796825
0.1722375
0.164785
0.1623525
0.1630675
0.1714775
0.1756475
0.17854
0.1863275
0.232425
0.471845
0.5743625
0.610275
0.62361
0.6433125
0.6438325
0.62669
0.5297475
0.4404075
0.3961375
0.390275
0.3159975
0.3026325
0.2781375
0.25854
0.2436575
0.2260025
0.2127025
0.2099075
0.21822
0.225005
0.228395
0.2292575
0.2305475
0.2233675
0.3412475
0.5732175
0.634025
0.6507425
0.70188
0.727855
0.774015
0.7869825
0.7805025
0.75778
0.7166525
0.6505
0.6474575
0.5264325
0.3682425
0.2549525
0.2475725
0.2499025
0.2476775
0.2516775
0.26006
0.359105
0.535085
0.6769475
0.73542
0.76597
0.7894275
0.8284225
0.837655
0.822805
0.814225
0.80873
0.8035375
0.78636
0.7875125
0.7437925
0.668945
0.5945275
0.5349
0.4425225
0.3957775
0.33908
0.362985
0.390015
0.44052
0.495305
0.603355
0.6905075
0.726875
0.742575
0.7743175
0.8236625
0.832475
0.8428925
0.819385
0.83558
0.82839
0.80768
0.764005
0.704945
0.6418425
0.5947575
0.5650725
0.48019
0.38071
0.302015
0.2629475
0.33967
0.28304
0.35811
0.5222225
0.6239275
0.6727825
0.69887
0.7097625
0.717285
0.7431575
0.742435
0.61682
0.6062125
0.5917175
0.574415
0.549165
0.5051375
0.46283
0.4315675
0.4000975
0.3377525
0.247435
0.1457975
0.1429275
0.1385975
0.137565
0.1381725
0.1440075
0.143895
0.2066425
0.327865
0.330275
0.3717225
0.310325
0.2847425
0.32552
0.32783
0.33398
0.3317375
0.4021575
0.43347
0.4087275
0.3474125
0.180625
0.1412175
0.13609
0.1348375
0.13802
0.138585
0.1413025
0.1441525
0.1509625
0.151805
0.242755
0.38717
0.334805
0.4283725
0.4069375
0.40549
0.3963025
0.3973275
0.4156075
0.4582925
0.4878325
0.5243425
0.5033525
0.40973
0.26358
0.1808125
0.17923
0.1764275
0.180885
0.18854
0.1886125
0.1895375
0.2203925
0.3931825
0.5158475
0.53868
0.54966
0.578565
0.580695
0.50653
0.3995625
0.32753
0.322385
0.3382525
0.3923125
0.3908825
0.3637725
0.2962375
0.2721
0.25655
0.245625
0.2494075
0.2550425
0.26283
0.2675975
0.2722
0.284335
0.5018375
0.69433
0.74849
0.7347125
0.7579125
0.81223
0.84021
0.881265
0.9097
0.8636825
0.80954
0.7671275
0.6837475
0.6094
0.52512
0.3539075
0.2186025
0.2103875
0.210555
0.210795
0.2156925
0.21848
0.2557725
0.4600675
0.616295
0.65467
0.680495
0.6904425
0.682585
0.644995
0.6235925
0.7017975
0.707615
0.6638425
0.66281
0.6544975
0.5853975
0.5283075
0.501795
0.439415
0.29377
0.20224
0.234505
0.2087525
0.229435
0.218965
0.25531
0.348185
0.447935
0.523765
0.549455
0.5615275
0.5624175
0.5107775
0.4906275
0.3863725
0.377675
0.375425
0.398655
0.4766825
0.5465775
0.527845
0.47082
0.307615
0.25867
0.25072
0.253635
0.2576175
0.258865
0.26445
0.29751
0.4613475
0.6390025
0.746515
0.777345
0.79563
0.8072925
0.7722475
0.7610325
0.75543
0.76881
0.7760475
0.799795
0.8317675
0.835255
0.8185525
0.7811075
0.753255
0.7123775
0.6822675
0.65978
0.64578
0.64392
0.6565825
0.6757625
0.7097725
0.74373
0.7810775
0.79375
0.771665
0.7387625
0.7215825
0.7356975
0.80099
0.823985
0.814915
0.798395
0.7855925
0.7442025
0.7069025
0.6742375
0.65979
0.6398925
0.6326475
0.6303325
0.64725
0.6581275
0.6742725
0.68717
0.694375
0.6969725
0.710175
0.7301125
0.748375
0.7662225
0.74465
0.71007
0.624135
0.5780225
0.5476675
0.5105675
0.5090575
0.518415
0.5240025
0.5036875
0.44007
0.346775
0.230535
0.1753425
0.18036
0.1838875
0.1870225
0.1834125
0.184355
0.2594575
0.368325
0.395115
0.361385
0.30951
0.2636675
0.2538225
0.3294525
0.3390775
0.398845
0.481535
0.550635
0.6162375
0.583915
0.5404975
0.4193925
0.2921125
0.261105
0.261095
0.27234
0.280265
0.28519
0.28704
0.3997725
0.6441075
0.7530225
0.7703375
0.76564
0.7966475
0.8445475
0.8731925
0.9240025
0.9379825
0.936885
0.9053625
0.8277525
0.71972
0.641085
0.5813725
0.42811
0.26469
0.2155675
0.2165575
0.2170425
0.21928
0.227675
0.298645
0.4437975
0.5785025
0.6089275
0.6306725
0.5850375
0.4673625
0.4194775
0.42724
0.34739
0.449815
0.49786
0.5406125
0.57273
0.5836675
0.5304425
0.495625
0.3818975
0.2667325
0.234815
0.23644
0.238515
0.2442525
0.2672925
0.3905175
0.561915
0.649745
0.6760825
0.6825825
0.6667225
0.6648175
0.68666
0.6842675
0.75167
0.8173475
0.8190675
0.77493
0.8603875
0.804035
0.7322825
0.6951275
0.666605
0.5724125
0.48681
0.466975
0.4564225
0.4368575
0.4333425
0.5319425
0.6573325
0.74167
0.766515
0.783945
0.78532
0.8121225
0.7690175
0.7312075
0.7106125
0.7011825
0.6828925
0.685165
0.702085
0.6947
0.6365625
0.568335
0.47675
0.347505
0.2419775
0.2228875
0.2219625
0.223005
0.23246
0.3072375
0.419135
0.5358975
0.603645
0.61515
0.63357
0.6627775
0.64766
0.65173
0.6083525
0.6254275
0.62941
0.6283575
0.609505
0.5658075
0.51489
0.473855
0.439435
0.40899
0.3774475
0.3570675
0.369165
0.39513
0.4040075
0.4349575
0.4863175
0.510115
0.5151975
0.53575
0.5460275
0.573545
0.5739525
0.55035
0.4241375
0.3316925
0.27237
0.2239375
0.2543925
0.2783375
0.264505
0.182855
0.1609275
0.15387
0.1499425
0.1528075
0.1556125
0.1590625
0.166795
0.16565
0.166525
0.233525
0.4295925
0.4555525
0.4730975
0.4552525
0.367765
0.3002875
0.2662625
0.25265
0.255955
0.2550625
0.2521425
0.2510525
0.23681
0.2199875
0.206525
0.1960375
0.1856575
0.182635
0.1903825
0.1952075
0.1988025
0.198455
0.196245
0.2392425
0.43709
0.51434
0.51625
0.507135
0.4712475
0.4630925
0.410295
0.4594325
0.4802675
0.4254325
0.5009475
0.5564775
0.5078375
0.47594
0.3490775
0.23269
0.22045
0.2251025
0.2282975
0.2338425
0.235855
0.245675
0.3678375
0.55429
0.676595
0.69669
0.7165875
0.774485
0.7915275
0.817725
0.7961925
0.8153025
0.8023
0.7915425
0.80552
0.8143925
0.7471525
0.6687275
0.529945
0.37012
0.2724325
0.2567
0.2627925
0.30793
0.2747425
0.36997
0.5383575
0.71133
0.7719225
0.78927
0.81345
0.8586425
0.8579225
0.8608125
0.94991
0.9465025
0.93818
0.9343625
0.8865125
0.7825725
0.71376
0.6658075
0.546555
0.3890375
0.2742925
0.2520625
0.2546175
0.257965
0.2661625
0.3741875
0.558715
0.7034625
0.7251425
0.728145
0.72731
0.682605
0.6369225
0.6506775
0.64984
0.68155
0.685605
0.6671325
0.657655
0.576525
0.57817
0.56711
0.5034275
0.4126375
0.3082925
0.2417275
0.238595
0.24477
0.2455975
0.2872275
0.44709
0.5973725
0.6867725
0.7000225
0.7261925
0.7403125
0.738705
0.7571
0.79506
0.80696
0.870785
0.843605
0.7969575
0.74625
0.680225
0.63925
0.5330875
0.371055
0.24452
0.2394475
0.2432125
0.24611
0.295255
0.4588125
0.62636
0.7254625
0.7509425
0.767435
0.80796
0.8469225
0.88126
0.8960475
0.8809675
0.872745
0.8677975
0.866825
0.86527
0.849845
0.7749025
0.666665
0.5782725
0.4602625
0.3496875
0.2743225
0.2849925
0.2892275
0.30729
0.43461
0.62288
0.754575
0.7923825
0.7936525
0.8131375
0.8539375
0.86592
0.82457
0.743625
0.6308025
0.5763925
0.5350075
0.5361675
0.557055
0.54129
0.4673325
0.3240325
0.301475
0.29085
0.28523
0.296565
0.30132
0.310035
0.31308
0.3679125
0.6383975
0.809405
0.8056875
0.818575
0.84242
0.885435
0.93226
0.899685
0.8947375
0.89955
0.90531
0.912105
0.9091775
0.84297
0.7233575
0.5825475
0.44462
0.402235
0.42129
0.3306825
0.3014
0.369855
0.4860075
0.6476
0.8029875
0.83263
0.8606275
0.8636425
0.818445
0.767395
0.73424
0.74193
0.7758925
0.775825
0.770075
0.75155
0.7153375
0.6543725
0.612
0.5174225
0.382225
0.2688825
0.2306
0.235085
0.237855
0.2508925
0.389585
0.58142
0.6927075
0.719345
0.7221425
0.7527425
0.7788375
0.781985
0.776535
0.7439875
0.77311
0.804185
0.773115
0.7678675
0.7116375
0.650045
0.601125
0.5170525
0.4394075
0.4213275
0.368225
0.22417
0.23065
0.29102
0.4102525
0.5337075
0.57166
0.6009
0.585025
0.5782
0.5454075
0.5044975
0.492095
0.44638
0.5360575
0.5009025
0.4375875
0.543415
0.626135
0.573765
0.5337775
0.521215
0.4854425
0.478675
0.496085
0.4442025
0.4641075
0.4881925
0.5239375
0.5925775
0.6757225
0.7609
0.805115
0.82797
0.8313075
0.8343525
0.840645
0.8509625
0.85279
0.897745
0.973455
0.964625
0.886925
0.820995
0.78272
0.7695475
0.704045
0.678545
0.6658875
0.6729325
0.6784275
0.6812275
0.71555
0.7785475
0.840685
0.8642275
0.869845
0.90568
0.9170575
0.925305
0.9288025
0.9283725
0.9275375
0.9270775
0.9274525
0.92907
0.92452
0.8723125
0.774865
0.6657125
0.5564775
0.48147
0.4533675
0.4976275
0.53864
0.5238725
0.559305
0.662735
0.78113
0.81298
0.8163675
0.8600075
0.906975
0.924535
0.934185
0.935355
0.927335
0.9248525
0.9304525
0.93716
0.9333825
0.8694175
0.73894
0.55286
0.3720975
0.32971
0.3359125
0.3509375
0.3614125
0.3671775
0.3973925
0.614605
0.817935
0.9177975
0.89515
0.92268
0.9243875
0.9134125
0.949275
0.897655
0.8878125
0.8792875
0.8711575
0.8710725
0.867475
0.8080675
0.68985
0.549285
0.37278
0.28325
0.282905
0.2835575
0.290285
0.309265
0.416275
0.591335
0.749865
0.81339
0.812905
0.8268925
0.8131
0.829015
0.815625
0.85841
0.8810275
0.8660775
0.857875
0.78945
0.7255
0.66373
0.6302725
0.58516
0.481405
0.4278825
0.4056325
0.35907
0.3891
0.4785775
0.57119
0.649955
0.6857125
0.6918425
0.68384
0.7131375
0.745495
0.7719925
0.78571
0.6366225
0.6409325
0.6363775
0.624695
0.5916825
0.55112
0.518005
0.4731425
0.4285575
0.35594
0.2074075
0.1392775
0.1391825
0.14202
0.1402575
0.14089
0.1449225
0.14657
0.152155
0.1597575
0.1704375
0.191305
0.186865
0.1977775
0.204145
0.209185
0.2084
0.20526
0.293595
0.41441
0.4036325
0.386745
0.354255
0.268555
0.23641
0.19056
0.20024
0.21013
0.25544
0.30272
0.420115
0.482255
0.492265
0.4960925
0.5170925
0.526515
0.52479
0.455905
0.366815
0.29817
0.28325
0.258865
0.255405
0.3057225
0.2891375
0.2118775
0.1394025
0.1368075
0.13291
0.130505
0.1339025
0.1370175
0.1415525
0.1449525
0.1740625
0.2858375
0.367305
0.311155
0.2696025
0.273
0.20369
0.1987525
0.2080825
0.2145375
0.2363775
0.298305
0.382715
0.386765
0.42372
0.402435
0.349955
0.3268375
0.2540075
0.174915
0.177945
0.1817525
0.1857275
0.304455
0.4804975
0.53389
0.5381975
0.5537225
0.58106
0.5891525
0.61433
0.641205
0.662745
0.656045
0.6873325
0.6832475
0.6752775
0.6474375
0.61671
0.5768225
0.480735
0.28755
0.192245
0.18944
0.1953425
0.19992
0.2031725
0.1971675
0.1929925
0.1904225
0.3193975
0.3188175
0.209845
0.1908275
0.2027425
0.21335
0.19686
0.200675
0.2007675
0.190555
0.1714075
0.1434675
0.130775
0.1278325
0.129015
0.12705
0.1258275
0.12543
0.1261625
0.1288375
0.12987
0.1318825
0.14176
0.2168575
0.2023625
0.268005
0.160785
0.1481025
0.16065
0.1717275
0.1793425
0.1839025
0.18353
0.17745
0.264255
0.35188
0.34162
0.33468
0.29153
0.15521
0.1251975
0.1289
0.12711
0.133775
0.1334225
0.136375
0.199105
0.3532975
0.368135
0.3711625
0.3797125
0.3202025
0.19478
0.1757125
0.04948175
0.05037475
0.04974425
0.04838125
0.0444575
0.039351
0.03648175
0.03504175
0.03478875
0.034585
0.034128
0.0342975
0.034913
0.03492325
0.03607675
0.037385
0.0369075
0.036435
0.036235
0.036964
0.039153
0.041575
0.0447
0.046879
0.196375
0.1991725
0.199965
0.1945575
0.1805875
0.1571475
0.1452375
0.1453775
0.138575
0.1360125
0.1338275
0.1320275
0.1323425
0.134265
0.1362075
0.1386075
0.139585
0.1407875
0.139865
0.1416625
0.15175
0.1621825
0.1758775
0.190065
0.2859525
0.2914825
0.2863925
0.2756075
0.2626025
0.360525
0.3878625
0.3524825
0.305865
0.2091625
0.2023125
0.200985
0.2066425
0.214495
0.217415
0.285255
0.49219
0.6104325
0.615305
0.6221275
0.6481025
0.6476425
0.6395575
0.6450225
0.7258675
0.74279
0.7413775
0.7379875
0.7456125
0.758605
0.75762
0.6656925
0.6159875
0.549415
0.5366175
0.50195
0.4629125
0.46225
0.5062275
0.6090275
0.73266
0.8354425
0.824825
0.841485
0.8964925
0.9162375
0.9198525
0.92014
0.9189775
0.927795
0.9438725
0.9527825
0.9574825
0.9555975
0.9174925
0.796835
0.6404675
0.4527025
0.3729825
0.3693525
0.3783275
0.385275
0.421675
0.57436
0.74355
0.8742475
0.9232
0.9218575
0.920205
0.9029
0.88089
0.8841175
0.88328
0.8993625
0.874655
0.97429
0.882785
0.8620775
0.7941875
0.7577675
0.7152725
0.6388475
0.6155975
0.6060625
0.51681
0.5246475
0.54373
0.63571
0.7456475
0.8128725
0.7888525
0.8307725
0.8650125
0.87351
0.869325
0.8965225
0.930295
0.95303
0.87904
0.9009125
0.88964
0.8622625
0.793745
0.76331
0.7471175
0.671905
0.6068725
0.56843
0.5927175
0.60158
0.6003125
0.643905
0.7302875
0.790115
0.7741225
0.7738725
0.7544325
0.73021
0.7091975
0.66454
0.6333475
0.6045325
0.682975
0.6808825
0.67209
0.70418
0.7200225
0.6810575
0.675935
0.61348
0.5284775
0.500435
0.4980425
0.509405
0.539255
0.61307
0.711895
0.78849
0.7755175
0.81053
0.8382275
0.8268525
0.8046225
0.820225
0.924535
0.811655
0.829015
0.833175
0.8596
0.843105
0.7895525
0.7609975
0.699615
0.597185
0.5084625
0.4905625
0.505895
0.51223
0.55666
0.65409
0.7759425
0.831085
0.805605
0.8242
0.8753875
0.9008425
0.91895
0.949665
0.924555
0.93594
0.9784975
0.98418
0.9892675
0.8597075
0.8347875
0.78452
0.7424325
0.65644
0.5841
0.53361
0.5788125
0.5613375
0.57371
0.67582
0.8011075
0.8542725
0.85572
0.8564125
0.8993675
0.93912
0.946745
0.9511725
0.95901
0.9654575
0.9776825
0.9744
0.965135
0.940545
0.89677
0.8237975
0.70362
0.5691025
0.45994
0.48469
0.39147
0.3689675
0.4771175
0.6322625
0.768645
0.836235
0.8082675
0.8374575
0.87049
0.8741525
0.88151
0.8852875
0.9016825
0.920675
0.923925
0.928205
0.9266925
0.9249
0.90704
0.8259325
0.7139975
0.57987
0.473765
0.4487875
0.544525
0.4681025
0.513495
0.66826
0.7987075
0.86631
0.8726075
0.83736
0.809225
0.7992525
0.79403
0.8038
0.82116
0.83952
0.8499175
0.96436
0.912515
0.856265
0.791545
0.7520225
0.7136625
0.6147925
0.5534
0.5392125
0.5344475
0.53558
0.5619425
0.625075
0.718875
0.782795
0.75886
0.7755225
0.76355
0.7534675
0.75895
0.76762
0.7887
0.81582
0.797555
0.8129825
0.90055
0.8304025
0.7833775
0.7531625
0.678145
0.5758925
0.4873825
0.44944
0.482525
0.4563325
0.4879475
0.5558925
0.6599925
0.72333
0.7198975
0.7112025
0.6851025
0.6820075
0.6720775
0.7082775
0.75794
0.7653675
0.7798
0.77382
0.78449
0.798755
0.7728975
0.73173
0.6533
0.561975
0.4730425
0.4196125
0.428545
0.459535
0.4658425
0.54767
0.67389
0.746245
0.717355
0.7164725
0.70076
0.710865
0.695435
0.70637
0.774535
0.78156
0.7817675
0.75089
0.766715
0.7722925
0.76812
0.71544
0.64668
0.5979075
0.5563325
0.5301125
0.5138225
0.5290175
0.57866
0.64674
0.7344275
0.77326
0.7435175
0.77061
0.7687425
0.75705
0.74907
0.748475
0.8015275
0.8239225
0.8165925
0.797595
0.746825
0.68516
0.63336
0.6096775
0.59763
0.56712
0.52784
0.49597
0.5117475
0.5035175
0.5020425
0.57038
0.5937275
0.5940225
0.5758675
0.54379
0.4773225
0.4391375
0.4796875
0.5786
0.611485
0.6332325
0.6407675
0.6436875
0.651135
0.63843
0.6024025
0.55933
0.52769
0.49505
0.4490775
0.4322525
0.4095925
0.3798925
0.4669725
0.4714325
0.4811175
0.467235
0.4563925
0.46842
0.4917675
0.5306225
0.5560475
0.60215
0.653745
0.6724325
0.68535
0.6908975
0.684375
0.67895
0.655355
0.598835
0.56532
0.5297725
0.43578
0.305905
0.261265
0.2241925
0.2864875
0.3752925
0.5103675
0.511955
0.486665
0.465055
0.3886125
0.3145075
0.205545
0.209205
0.0935935
0.09482
0.096525
0.09347575
0.08614525
0.07545425
0.070144
0.0672655
0.066715
0.0661145
0.06541125
0.06576475
0.0659035
0.06694625
0.0685135
0.07446725
0.152535
0.1684375
0.1671375
0.17918
0.182745
0.165565
0.1186825
0.0986625
0.129665
0.1308075
0.15872
0.222455
0.196935
0.244475
0.245705
0.2732125
0.2000025
0.1209675
0.106945
0.1051875
0.1103125
0.1086125
0.112845
0.11249
0.1102775
0.19309
0.1732325
0.1894975
0.196965
0.1664975
0.125125
0.126455
0.1111075
0.1122575
0.16882
0.174575
0.165725
0.22287
0.2075625
0.2001825
0.1658775
0.091642
0.0756505
0.0734325
0.07262725
0.0726525
0.07411275
0.0751055
0.074971
0.0741445
0.0725515
0.075952
0.08107625
0.0865355
0.09255375
0.096788
0.119065
0.1220675
0.12118
0.1175875
0.1092575
0.094327
0.085408
0.08462475
0.08304875
0.080962
0.079348
0.080104
0.0807755
0.08253375
0.08391825
0.0868055
0.087419
0.08659625
0.08486425
0.08994825
0.095478
0.09959925
0.10674
0.113805
0.1202375
0.1221925
0.1207
0.11747
0.1089625
0.100023
0.10019175
0.1151625
0.11215
0.08797525
0.08629975
0.0860475
0.09038675
0.09248025
0.08968725
0.0918065
0.1856725
0.2400425
0.234875
0.252105
0.2516975
0.2517975
0.18681
0.124595
0.199285
0.20765
0.2086425
0.2059775
0.2023375
0.1927325
0.1821775
0.1698875
0.1609675
0.1570975
0.1531875
0.1527475
0.15509
0.1588125
0.160395
0.160945
0.1585675
0.15381
0.1519225
0.1632075
0.174225
0.18099
0.196245
0.2091175
0.3412475
0.3537475
0.3597825
0.3552725
0.3526925
0.3488525
0.3355775
0.308345
0.291805
0.2778225
0.2657075
0.26921
0.2800575
0.28787
0.294365
0.2926175
0.4849925
0.652975
0.687165
0.6908525
0.6941175
0.711835
0.7193875
0.71411
0.7775475
0.790245
0.7754775
0.7306875
0.71893
0.74537
0.7496075
0.7247075
0.655285
0.61858
0.53256
0.4965925
0.4958475
0.5077525
0.57279
0.664505
0.744675
0.7458975
0.726905
0.75078
0.7304025
0.699955
0.6808475
0.68478
0.616915
0.6274475
0.622055
0.610105
0.5909075
0.5580075
0.5357875
0.5225025
0.5027
0.4719075
0.44376
0.41489
0.3999525
0.4113875
0.4238925
0.42981
0.438645
0.433905
0.4242475
0.4096875
0.357235
0.30101
0.2078425
0.20103
0.1923275
0.19607
0.195085
0.18869
0.21187
0.315065
0.3464675
0.3066525
0.2812175
0.18492
0.1334225
0.1344575
0.13489
0.136035
0.1644325
0.231305
0.32917
0.3576175
0.3278725
0.35069
0.2802575
0.2391325
0.17124
0.1813825
0.1903425
0.1949775
0.1950925
0.18589
0.1724075
0.1483475
0.1348925
0.130905
0.1307475
0.1282025
0.1249275
0.1256675
0.1278175
0.1304775
0.13303
0.1365075
0.2143725
0.354695
0.35732
0.3705275
0.33983
0.34221
0.35798
0.400255
0.3644225
0.4324175
0.4082325
0.423915
0.4876525
0.52038
0.49181
0.479275
0.4768975
0.44714
0.3722275
0.3238975
0.2822575
0.3189375
0.345975
0.4620125
0.520875
0.5122475
0.5001825
0.522205
0.52349
0.513335
0.445445
0.391235
0.3696575
0.3368025
0.32909
0.3472425
0.3587775
0.3843975
0.427945
0.40858
0.2929825
0.175375
0.16659
0.1662775
0.1775175
0.1781125
0.17968
0.2851525
0.492265
0.5034975
0.4807875
0.5136175
0.53664
0.55665
0.5795275
0.6126575
0.6732075
0.6925925
0.69982
0.6955375
0.725795
0.712485
0.70425
0.6520875
0.460195
0.26299
0.2265775
0.233525
0.241605
0.2426225
0.248455
0.341
0.5464475
0.5123225
0.4848875
0.3984525
0.30007
0.260165
0.2332825
0.2452725
0.35712
0.341745
0.3249175
0.3678875
0.4749775
0.595455
0.5837675
0.555095
0.5249375
0.4614275
0.4385725
0.43991
0.4434975
0.4538575
0.5037025
0.6074075
0.630575
0.6088725
0.5801925
0.5336325
0.4856725
0.4251275
0.3554775
0.321235
0.3655475
0.3762725
0.4096125
0.3736925
0.4061375
0.51158
0.5113975
0.502
0.46193
0.3930575
0.347225
0.28772
0.2650425
0.279975
0.40533
0.5508525
0.6702025
0.708075
0.7011325
0.7017825
0.7009675
0.69309
0.6798775
0.691335
0.7852925
0.8241975
0.8103325
0.81384
0.8217325
0.8194475
0.7606375
0.7395675
0.7385325
0.6836775
0.5970775
0.5985425
0.55034
0.595515
0.648855
0.7490925
0.81216
0.7900575
0.7598875
0.80448
0.83438
0.86312
0.85785
0.8423825
0.8880775
0.8998525
0.8932775
0.862045
0.813645
0.7502225
0.6911975
0.6746075
0.655535
0.610795
0.5360975
0.50014
0.555435
0.5678975
0.5806775
0.66351
0.66835
0.637265
0.615605
0.588925
0.5586075
0.5433825
0.5010475
0.466875
0.55824
0.5772275
0.5605825
0.54528
0.5532925
0.53363
0.484965
0.474065
0.44515
0.39009
0.3210375
0.29096
0.32819
0.36626
0.3717725
0.438625
0.48371
0.4741275
0.4662675
0.4854825
0.484155
0.50816
0.52927
0.5617925
0.6000025
0.62164
0.62027
0.615965
0.604
0.58425
0.5660525
0.5218325
0.4829725
0.4732175
0.4366125
0.4463775
0.4605875
0.465185
0.477555
0.5136975
0.51703
0.4990225
0.5028
0.4993675
0.4380875
0.3755525
0.2501175
0.22915
0.2500625
0.255835
0.2560425
0.2538725
0.253105
0.2499075
0.2345325
0.2201775
0.2031425
0.1932925
0.1840275
0.18658
0.1948575
0.2017275
0.21913
0.3117125
0.45247
0.4570725
0.4551275
0.476505
0.4883625
0.500285
0.4867725
0.4368825
0.410805
0.424045
0.412435
0.389315
0.421865
0.529085
0.5698625
0.573765
0.54778
0.5147525
0.487805
0.48667
0.512415
0.548945
0.6013525
0.6574125
0.7162925
0.71035
0.713475
0.754825
0.7612975
0.7647175
0.763415
0.776775
0.80284
0.8181925
0.80879
0.7837625
0.7335675
0.6705325
0.611725
0.5952525
0.5883025
0.5558225
0.5362675
0.52163
0.5195925
0.5204575
0.5316775
0.5427625
0.5392175
0.516915
0.49447
0.4540625
0.40328
0.37414
0.3009125
0.26311
0.2598325
0.38328
0.270745
0.270465
0.32395
0.40818
0.39694
0.38553
0.3630825
0.25132
0.169325
0.17207
0.1706025
0.1726775
0.1819775
0.319
0.4587325
0.4629875
0.4679775
0.5032975
0.5112425
0.51833
0.51084
0.517405
0.5603825
0.5728775
0.57603
0.55355
0.558685
0.53665
0.4925
0.48299
0.4851875
0.4620375
0.4284475
0.406615
0.403215
0.4063425
0.4185225
0.4493075
0.474945
0.45659
0.4543775
0.4753175
0.472625
0.47065
0.40783
0.31727
0.2651025
0.1939775
0.1904725
0.1869825
0.1769
0.232175
0.3245025
0.307835
0.3029325
0.1963375
0.1318275
0.1323225
0.1365775
0.1379875
0.1405825
0.178785
0.349655
0.37374
0.38292
0.4091775
0.398515
0.3486675
0.2240725
0.1856825
0.0162125
0.0115445
0.0114945
0.01148175
0.01147675
0.011469
0.01144
0.01140425
0.0113835
0.01136725
0.011357
0.01135175
0.01135175
0.01136075
0.011371
0.0113815
0.011367
0.01136025
0.01135125
0.01136575
0.01137225
0.01138425
0.01139025
0.0114115
0.1974125
0.20711
0.212635
0.2076975
0.203265
0.1950925
0.1910175
0.17865
0.1690725
0.1593275
0.155615
0.1518925
0.15538
0.1596425
0.1635325
0.164285
0.164725
0.156165
0.15388
0.1597125
0.1697575
0.1753725
0.179445
0.192455
0.22245
0.2295525
0.2299975
0.22967
0.2215175
0.2083375
0.1974075
0.18309
0.240755
0.1831375
0.1712575
0.1708925
0.168135
0.16915
0.17911
0.3348675
0.4594775
0.46884
0.4691475
0.48406
0.4969025
0.5214475
0.5371825
0.531655
0.55656
0.577205
0.5892175
0.58756
0.5905425
0.599375
0.6098525
0.5915425
0.53661
0.44264
0.3586925
0.385215
0.384345
0.375485
0.40859
0.5091675
0.54523
0.5081125
0.5045075
0.5178825
0.5230225
0.49596
0.449365
0.43043
0.3164575
0.262775
0.328555
0.2325775
0.2559375
0.2815675
0.325085
0.384435
0.3775675
0.3351
0.333475
0.3311475
0.28364
0.26239
0.27851
0.38031
0.42655
0.400275
0.4162
0.4185025
0.3878525
0.3243375
0.2898675
0.2326325
0.366775
0.380765
0.388125
0.3830575
0.3679375
0.3403725
0.339955
0.4401775
0.427865
0.370175
0.306795
0.2661875
0.28443
0.36052
0.467435
0.568415
0.6326025
0.66094
0.672555
0.6861
0.69932
0.711795
0.7303875
0.74869
0.851325
0.8406975
0.90499
0.9075775
0.88556
0.8708325
0.8036575
0.7450625
0.72128
0.7124525
0.6775175
0.6544075
0.65766
0.666375
0.6855725
0.7155275
0.732835
0.69926
0.6803925
0.6938825
0.695855
0.6728975
0.6397475
0.617775
0.5951175
0.5954975
0.6394375
0.647485
0.65088
0.65479
0.6459825
0.6139375
0.573515
0.5284225
0.489915
0.4656475
0.46503
0.477285
0.48702
0.488845
0.47752
0.42881
0.35414
0.265575
0.214385
0.21847
0.2221425
0.2393325
0.394205
0.4167075
0.435505
0.4404875
0.44113
0.4422275
0.44078
0.473625
0.46216
0.4968475
0.5105875
0.5419125
0.5410525
0.548625
0.5740825
0.60023
0.6129025
0.5754675
0.5672325
0.58354
0.5909675
0.5638325
0.58934
0.5642475
0.5436625
0.6766075
0.7087325
0.6256875
0.6746625
0.7250125
0.7598575
0.7569225
0.740695
0.7302975
0.71419
0.70205
0.70589
0.7197625
0.744725
0.77462
0.78932
0.7561825
0.754035
0.7778
0.809785
0.8380425
0.851825
0.83576
0.8391125
0.8319575
0.8363625
0.8101025
0.8122825
0.79588
0.7907775
0.7494375
0.72352
0.7060775
0.6939875
0.68458
0.6872625
0.7006675
0.7102275
0.716855
0.7187075
0.694015
0.6992075
0.7143375
0.7387525
0.74228
0.7433925
0.76155
0.7664225
0.843395
0.8749725
0.8820725
0.8344375
0.82783
0.8132175
0.7728575
0.7522975
0.7428275
0.73519
0.73186
0.7413125
0.7542825
0.771935
0.7757075
0.774775
0.7601375
0.7718575
0.79079
0.824645
0.8536275
0.882855
0.925935
0.888815
0.9092025
0.915055
0.90696
0.8825525
0.83868
0.7655775
0.7150875
0.686295
0.6654525
0.6438125
0.63101
0.6210275
0.6186725
0.6219725
0.62535
0.6204725
0.6043575
0.6049075
0.5926775
0.54877
0.5200075
0.5060925
0.4431175
0.4187825
0.3799125
0.33857
0.32368
0.3605775
0.402665
0.3748625
0.35552
0.3444625
0.33738
0.267185
0.215965
0.152675
0.128035
0.1264275
0.127775
0.1262925
0.1230775
0.125695
0.12897
0.13847
0.1449275
0.150675
0.160945
0.1762975
0.1835025
0.189275
0.192765
0.1909325
0.19002
0.18627
0.1762925
0.16464
0.15442
0.1500175
0.1483275
0.1588275
0.1902975
0.2597225
0.3491725
0.4080475
0.39941
0.40239
0.41512
0.3956225
0.3412775
0.3169825
0.26521
0.381735
0.39533
0.4043425
0.402285
0.40666
0.408095
0.4137525
0.44234
0.52997
0.6164975
0.67477
0.7133075
0.7429975
0.723315
0.71713
0.7409225
0.6878125
0.7157825
0.71369
0.6910675
0.666775
0.629025
0.61091
0.549165
0.490615
0.4862425
0.4669575
0.5762875
0.598055
0.5604675
0.6331925
0.6717925
0.675205
0.6554725
0.6283925
0.6013
0.5727525
0.5790225
0.628115
0.69749
0.717855
0.69162
0.6831725
0.70876
0.748325
0.7924725
0.8163275
0.82475
0.8068575
0.773
0.721035
0.6580925
0.63788
0.6082175
0.5962375
0.5939075
0.552725
0.4856475
0.43641
0.43052
0.45429
0.4603725
0.4651725
0.515135
0.558535
0.57798
0.5839775
0.61008
0.6343825
0.66284
0.6817025
0.69744
0.729345
0.748985
0.7378275
0.7943075
0.7469
0.747
0.76766
0.746685
0.735645
0.7215
0.7112475
0.70678
0.715845
0.730255
0.753945
0.7804525
0.781185
0.751155
0.7592525
0.7808925
0.812635
0.841385
0.8666025
0.88606
0.898825
0.8704175
0.920615
0.86294
0.886255
0.884495
0.7979775
0.7353075
0.7050075
0.6996825
0.69218
0.6782725
0.677745
0.6829325
0.69816
0.70472
0.70071
0.679
0.6703275
0.6560425
0.63573
0.634785
0.634305
0.6161575
0.6671175
0.69998
0.6771325
0.69357
0.693245
0.6786725
0.64655
0.610695
0.592925
0.5919925
0.58075
0.5707875
0.5657625
0.5760225
0.59272
0.61402
0.60446
0.566095
0.5731325
0.57105
0.574365
0.5809875
0.5832325
0.53264
0.3449825
0.33123
0.3178275
0.2883375
0.2580925
0.203655
0.1652925
0.1710525
0.15019
0.1111015
0.09097875
0.089143
0.09011575
0.091104
0.0938925
0.0932555
0.09072475
0.0879335
0.0888545
0.09284575
0.098492
0.1025825
0.104715
0.1114225
0.1870975
0.195275
0.199305
0.199685
0.1988025
0.199215
0.2021325
0.19097
0.179835
0.167
0.158975
0.15238
0.15309
0.15904
0.1633275
0.1623025
0.1572475
0.147705
0.146275
0.1505625
0.1579775
0.16356
0.1633075
0.171945
0.34259
0.35248
0.35817
0.3522975
0.340495
0.31258
0.399905
0.4657875
0.4953225
0.5023925
0.5143125
0.5176
0.516805
0.5420325
0.58235
0.5990775
0.60973
0.6190575
0.60498
0.589215
0.576255
0.60126
0.6088
0.59548
0.58554
0.633605
0.6312075
0.63616
0.6197
0.6020525
0.576135
0.556825
0.5521325
0.539365
0.531265
0.523055
0.5318725
0.5333925
0.5369025
0.542085
0.5351575
0.491315
0.51317
0.4971125
0.4699375
0.4111775
0.3383375
0.2340675
0.1703075
0.1750525
0.1782975
0.1756625
0.1706475
0.1602525
0.1476575
0.241635
0.261775
0.21056
0.1662775
0.147845
0.143765
0.21012
0.3243975
0.379275
0.3752
0.3564025
0.347135
0.319915
0.23332
0.1621475
0.14581
0.1539675
0.1860475
0.19206
0.194995
0.195235
0.18966
0.1787
0.15718
0.1430275
0.1396425
0.138485
0.13817
0.1376925
0.1397325
0.1400075
0.1414375
0.14204
0.140895
0.1793775
0.15414
0.1558475
0.150465
0.15847
0.1682075
0.17976
0.3261725
0.3422
0.348105
0.3450525
0.3362925
0.380855
0.4875425
0.47102
0.45717
0.438895
0.4303425
0.414615
0.4153
0.47057
0.5698775
0.6595625
0.69315
0.678425
0.680185
0.70817
0.74511
0.77093
0.7854975
0.8016825
0.60849
0.62153
0.63117
0.63531
0.62924
0.6244475
0.6098875
0.5883875
0.5614475
0.5336925
0.512095
0.50219
0.503325
0.5012725
0.5005675
0.4982525
0.4826675
0.4705875
0.4635975
0.45403
0.447405
0.43219
0.38792
0.28427
0.1522275
0.08469975
0.0859795
0.086439
0.085586
0.08626825
0.08774375
0.08377475
0.07817525
0.073731
0.07126825
0.069137
0.06858225
0.06962175
0.07084525
0.0766105
0.08279075
0.09118725
0.08799475
0.066013
0.06919375
0.07040725
0.07859125
0.07420575
0.177785
0.184375
0.18746
0.1847
0.178375
0.163405
0.182685
0.2101925
0.1364375
0.15523
0.1210725
0.1185875
0.118585
0.1185425
0.1195525
0.11919
0.1186375
0.118035
0.12008
0.1223
0.1289025
0.1368425
0.14356
0.154485
0.316145
0.3281525
0.3345825
0.33187
0.3235525
0.30369
0.2657525
0.243505
0.2637625
0.2605975
0.249795
0.280805
0.31503
0.3600275
0.4274025
0.50068
0.5402925
0.5518375
0.5549175
0.5608175
0.5566275
0.558775
0.58006
0.5947925
0.6377175
0.645935
0.6311775
0.6704125
0.649275
0.686015
0.734665
0.73885
0.7270575
0.7193425
0.7163575
0.7108675
0.71821
0.7293025
0.75052
0.76138
0.755085
0.73647
0.76066
0.7640625
0.79067
0.818665
0.8430075
0.85627
0.8748475
0.8633025
0.9026575
0.9262975
0.8485
0.84559
0.812495
0.75855
0.7448375
0.739235
0.7305575
0.722905
0.732575
0.73836
0.750155
0.76118
0.7565375
0.7425575
0.7445025
0.7573825
0.780095
0.8085075
0.8257925
0.8312825
0.86236
0.913705
0.942955
0.9092275
0.9126475
0.8675575
0.8214225
0.7773725
0.75494
0.7484775
0.737845
0.7273175
0.7333875
0.748475
0.76373
0.77634
0.7642525
0.7498875
0.7635075
0.783215
0.811145
0.835465
0.85296
0.8842475
0.9132175
0.9265175
0.9385875
0.940635
0.946875
0.93032
0.8988775
0.8874825
0.8382575
0.79539
0.7695425
0.734915
0.7210675
0.7166
0.7388825
0.7612
0.766375
0.7557975
0.7403875
0.71988
0.6959025
0.685875
0.680015
0.6472675
0.5912125
0.578385
0.5598775
0.5370475
0.494305
0.4615675
0.439645
0.442195
0.4569825
0.4537225
0.4244825
0.402345
0.366835
0.386825
0.41972
0.4227575
0.4346175
0.414995
0.41267
0.4202475
0.399405
0.3670475
0.3461325
0.28442
0.2407775
0.183885
0.18016
0.240345
0.266535
0.2280025
0.3457425
0.37148
0.3734325
0.375445
0.37231
0.3741425
0.374105
0.3795725
0.3942975
0.40247
0.3973575
0.3936575
0.39897
0.3997975
0.391615
0.38436
0.3423975
0.2669925
0.1931475
0.176995
0.1734175
0.1702325
0.2271625
0.1991625
0.3009675
0.3377875
0.3265025
0.3266425
0.32259
0.3128125
0.299775
0.3027225
0.3152875
0.31411
0.315475
0.314155
0.3044725
0.280175
0.2217375
0.1674725
0.1456175
0.1520575
0.160265
0.166275
0.1691425
0.1681725
0.1642225
0.1557625
0.147365
0.2287325
0.2675675
0.26816
0.26096
0.2602225
0.26322
0.27414
0.297745
0.3261375
0.327245
0.3227125
0.32799
0.3344075
0.3367675
0.290195
0.2630375
0.1837525
0.1317675
0.13672
0.137125
0.1368275
0.1334175
0.1292775
0.1853725
0.20257
0.1483225
0.14669
0.1011725
0.0996935
0.099703
0.09955025
0.09982875
0.09867975
0.09657175
0.09459575
0.09577225
0.09755725
0.1035975
0.10889
0.1144175
0.12378
0.13175
0.1370275
0.138565
0.1377525
0.1340425
0.127025
0.1581925
0.258875
0.2606225
0.261185
0.2249625
0.1575675
0.16627
0.2038825
0.2070475
0.2594825
0.2659125
0.261465
0.266935
0.271665
0.2343875
0.2032025
0.180065
0.1270475
0.07155425
0.073823
0.074933
0.0754545
0.0753825
0.0757305
0.07505625
0.07038775
0.06703
0.063593
0.06211025
0.06173525
0.062493
0.06423425
0.06522725
0.0650335
0.0630745
0.06063475
0.06111575
0.06387975
0.06651425
0.06892325
0.0702425
0.07342775
0.1763
0.1847375
0.1881175
0.1899575
0.19011
0.192055
0.194745
0.1862275
0.1758975
0.17222
0.1778425
0.2102775
0.175875
0.160295
0.1741375
0.1545525
0.14881
0.14187
0.1401375
0.14282
0.148825
0.153355
0.1542125
0.164435
0.223705
0.229265
0.23038
0.2300775
0.3252975
0.5104425
0.5575625
0.5418275
0.5304675
0.525755
0.5153225
0.50744
0.5097075
0.504085
0.488565
0.478315
0.4583625
0.4449325
0.4412425
0.4164125
0.3632625
0.3250725
0.3064225
0.22057
0.1618625
0.16798
0.1704
0.16812
0.1634975
0.1544625
0.136305
0.16981
0.2202875
0.2095
0.210425
0.2267175
0.266655
0.323295
0.34288
0.351475
0.353315
0.34885
0.352865
0.3594875
0.37939
0.399425
0.40787
0.3735575
0.291465
0.2590975
0.22279
0.20381
0.1770275
0.1811575
0.222565
0.2562275
0.23509
0.1372725
0.1221525
0.1228775
0.1205475
0.11894
0.1193475
0.1185625
0.11565
0.114905
0.117195
0.1192875
0.1266225
0.1329225
0.13888
0.148085
0.28534
0.29759
0.3016025
0.2981725
0.291585
0.27542
0.24093
0.21947
0.21316
0.2142325
0.21262
0.21043
0.211535
0.2126575
0.215345
0.226065
0.277905
0.3378625
0.394285
0.4231025
0.4426475
0.467685
0.488585
0.523865
0.579575
0.6148125
0.6345
0.62846
0.635755
0.65433
0.6865
0.6924975
0.672275
0.6724425
0.667195
0.6669525
0.6728175
0.6873425
0.713435
0.737015
0.7335
0.7215725
0.7413875
0.7582925
0.7845225
0.8015175
0.8047875
0.805855
0.772835
0.7648475
0.72075
0.7206475
0.696195
0.6710925
0.6421
0.65596
0.6491225
0.6420525
0.6077925
0.5893725
0.55317
0.55581
0.55058
0.57396
0.5564
0.5510675
0.5211625
0.511265
0.4967125
0.4554525
0.46446
0.415335
0.359715
0.375265
0.38665
0.3936825
0.3929975
0.3975125
0.458255
0.544535
0.6422025
0.6857275
0.70003
0.7077575
0.7142575
0.7308475
0.725535
0.6753675
0.7196675
0.675335
0.6326375
0.615215
0.5925075
0.57041
0.5690025
0.5244575
0.4061125
0.414905
0.541475
0.4994125
0.496875
0.62372
0.7117225
0.7282
0.72349
0.7237875
0.7200075
0.72253
0.72915
0.735055
0.7513675
0.758365
0.749515
0.7361025
0.7447375
0.7591425
0.7776175
0.79249
0.8077275
0.83721
0.836395
0.90077
0.8881775
0.88173
0.8815025
0.865545
0.79695
0.748445
0.728985
0.727905
0.72017
0.7192725
0.719295
0.723935
0.7340225
0.7409675
0.73516
0.720595
0.7308825
0.747625
0.7841025
0.8064875
0.82826
0.8660075
0.913075
0.963975
0.9675975
0.969805
0.958555
0.91178
0.8446575
0.79487
0.763175
0.75976
0.758075
0.75086
0.7521725
0.7510125
0.7571575
0.762405
0.7531425
0.74092
0.73805
0.743145
0.75526
0.7352475
0.7051625
0.676585
0.6437925
0.5923475
0.6672475
0.64571
0.6006425
0.583555
0.6344
0.659605
0.6626225
0.6578175
0.6381575
0.5988125
0.6136975
0.6225875
0.61937
0.67087
0.6719275
0.6673025
0.67116
0.6499075
0.662675
0.6575775
0.6353225
0.616965
0.55161
0.5870575
0.603875
0.5972325
0.5769675
0.56795
0.5590525
0.546645
0.5241075
0.5181925
0.5138325
0.5148125
0.5126525
0.5165275
0.5217375
0.52421
0.521125
0.511345
0.508955
0.513515
0.51652
0.5114525
0.5006725
0.45983
0.1161075
0.08037475
0.03680425
0.01175175
0.01165075
0.011583
0.011567
0.01153
0.011495
0.01146225
0.01143825
0.01142675
0.01142725
0.011432
0.011437
0.011434
0.01141875
0.0113995
0.01140025
0.0114135
0.01143575
0.01145625
0.01146225
0.011481
0.04936425
0.0503885
0.0518765
0.05218275
0.05218025
0.0522575
0.05229225
0.0501395
0.04704325
0.044195
0.04261425
0.0415065
0.041541
0.042445
0.0432355
0.04355275
0.04272225
0.04132175
0.0421255
0.04376775
0.04565175
0.04632325
0.04599
0.0479685
0.050208
0.052503
0.05420225
0.05459575
0.05413
0.05366525
0.05483775
0.05343525
0.0493065
0.04564725
0.04358725
0.04222925
0.043048
0.045112
0.046251
0.04978025
0.10455325
0.1111225
0.1075275
0.1075225
0.10418425
0.0555115
0.06703325
0.04804575
0.20182
0.21267
0.21707
0.21824
0.215575
0.21309
0.2139525
0.2035725
0.191325
0.1772675
0.1673625
0.1621225
0.16353
0.1703525
0.174985
0.1784025
0.1741925
0.164785
0.1635975
0.1671325
0.17343
0.1771425
0.1787875
0.19092
0.2060375
0.21723
0.223825
0.224905
0.21845
0.2084525
0.1943925
0.17633
0.162625
0.15735
0.160235
0.2343475
0.34275
0.43427
0.480715
0.5124825
0.5090575
0.487795
0.4871675
0.4981575
0.5093675
0.514925
0.506155
0.474365
0.3789075
0.3607025
0.338855
0.3234775
0.37332
0.37497
0.3556225
0.332555
0.30934
0.2942675
0.288715
0.27944
0.23446
0.17835
0.171995
0.2044775
0.211795
0.2089125
0.158385
0.1090625
0.1138725
0.11847
0.12131
0.1293775
0.065752
0.06961025
0.069891
0.0692955
0.068091
0.0669175
0.064502
0.06002625
0.0560425
0.06390325
0.07023425
0.06054275
0.0623505
0.062162
0.09748925
0.1373525
0.139625
0.1294925
0.130505
0.11765
0.08674775
0.057096
0.06197025
0.06184175
0.01149625
0.011494
0.0115125
0.0115225
0.01151775
0.0115085
0.011499
0.01147225
0.011447
0.011471
0.0114765
0.011462
0.01144125
0.01139475
0.01139775
0.01139775
0.011385
0.01136725
0.01136325
0.0113715
0.01140375
0.01142825
0.0114405
0.01147
