0.0335
0.0335
0.0335
0.0477
0.1651
0.1651
0.0335
0.0424
0.0335
0.1651
0.1651
0.0335
0.0335
1.1967
0.2918
1.0988
0.5262
0.2567
0.1567
2.4187
1.6045
1.7451
1.5967
0.0335
0.0335
0.192
0.0335
0.0335
0.0335
0.192
0.0335
0.0335
0.0335
0.192
0.0335
0.0335
0.1525
0.0335
0.3012
0.2914
0.1525
0.1427
1.3529
1.2718
2.8858
1.532
1.5748
0.0335
0.0335
0.0335
0.0335
0.0335
0.1539
0.0335
0.1539
0.4175
0.5565
0.5565
0.0335
0.1539
0.1539
0.0335
0.0335
0.0335
0.0335
0.9519
0.2544
0.6335
0.5928
1.5176
1.6927
1.8032
0.0335
0.0335
0.0335
0.1784
0.1784
0.0335
0.0335
0.4118
0.7072
0.5618
0.5536
0.5798
0.5536
0.0335
0.0762
0.2023
0.4414
0.3346
0.673
0.7834
0.823
0.721
0.7899
0.8901
0.0335
0.0335
0.1674
0.1674
0.0335
0.0335
0.0335
0.2192
1.5003
1.6103
0.0335
0.0335
0.1674
0.1674
0.9079
1.1121
1.3635
1.4763
1.5665
1.7004
1.6733
1.6542
1.5665
3.0192
0.0335
0.0335
0.0335
0.1769
0.0335
1.1031
1.4928
1.4481
3.6299
2.5443
1.6362
1.5404
1.6838
3.455
1.6202
3.1816
0.1769
0.4592
0.6014
1.5111
2.4166
0.0335
0.0335
0.1769
0.0335
0.1656
0.0335
0.0335
0.0335
0.1656
0.5962
0.728
0.9616
1.821
0.842
0.7963
0.918
0.8952
0.8952
0.0335
0.0335
0.1656
0.1855
0.0335
0.0335
0.2463
1.3265
0.0335
0.0335
0.0335
0.1863
0.1863
0.0335
0.0335
0.0335
0.0335
0.1863
0.1863
0.0335
0.0335
0.3242
0.0335
0.0335
0.0335
1.2041
1.3241
1.2212
1.4457
1.6875
2.6858
1.699
1.6581
0.0584
0.0335
0.0335
0.0335
0.0335
0.0335
0.2002
0.0335
0.418
1.4303
0.3038
0.0335
0.5067
0.594
0.7995
0.7427
0.6612
0.7282
0.7709
0.7709
1.8277
1.6898
1.7325
0.1615
0.0335
0.0335
0.177
0.177
0.0335
0.0335
0.177
0.177
0.3976
0.0335
0.177
0.0335
0.0335
0.0335
0.177
0.177
0.2169
1.345
0.7
0.9045
1.8516
0.953
0.953
1.6596
0.0335
0.0335
0.0335
0.0335
0.0335
0.0335
0.1787
0.2388
1.2875
0.1787
1.8825
1.1599
0.1787
0.0335
1.3979
3.3062
0.0335
0.2995
1.2408
0.0335
0.4143
1.4475
1.5859
0.0335
0.0335
0.0335
0.0335
0.156
0.0335
0.0335
0.156
0.1475
0.9433
0.0335
0.0335
0.0335
0.1047
1.2818
1.532
1.5484
1.7306
1.64
1.7693
1.8061
1.7978
1.6547
1.6224
1.7455
0.0335
0.0335
0.0335
0.0335
0.1714
0.0335
0.1714
0.1714
0.0335
0.0335
0.0335
0.1714
0.0335
0.1455
0.6389
0.508
0.7386
0.8026
0.8026
0.9405
0.921
0.0335
0.0335
0.0335
0.0335
0.0335
0.0335
0.147
0.0335
0.0335
0.0335
0.0335
2.3703
1.3053
1.1833
1.3372
1.3712
1.4511
0.0335
0.0335
0.147
0.147
2.0203
0.0335
0.0335
1.2221
1.5093
1.578
0.0335
0.0335
0.0335
0.1876
0.0335
0.0335
0.0335
1.8825
2.2835
0.1996
0.3391
0.185
0.0335
0.0335
0.0335
0.1876
1.1288
1.5481
1.3742
1.5119
3.7209
4.5952
1.671
0.0335
0.0335
0.0335
0.0335
0.1768
0.0335
0.0335
0.1768
0.0335
2.1735
0.0335
0.1768
0.0335
0.0335
0.0335
0.0335
0.0335
0.7995
0.2095
1.6485
1.2633
2.1549
1.5919
1.4121
1.4585
0.0335
0.176
0.0335
0.0335
0.0335
0.0335
0.0335
0.0335
0.2815
0.1675
0.1675
0.0335
0.0335
0.0335
0.1675
0.1675
0.1675
0.2038
0.9995
0.5101
1.4984
1.5932
0.0335
0.0335
0.0335
0.0335
0.0335
0.1729
0.0335
0.0335
0.0335
0.1475
1.5789
0.1729
0.1747
0.1358
0.2752
0.1471
1.8806
0.0335
0.0335
0.0335
0.6874
1.5816
1.5847
1.6524
1.6524
1.7153
0.0335
0.1622
0.0335
0.1622
0.1622
0.0335
0.2415
0.9721
1.6383
0.0335
0.1622
0.1622
0.0335
0.0335
0.0335
0.0335
0.245
0.3901
0.1158
0.4103
2.3409
1.399
1.4722
1.4971
0.0335
0.0335
0.0335
0.0335
0.0335
0.0335
0.0335
0.5452
0.5915
0.8029
0.8029
0.8131
0.8029
0.6428
0.0335
0.0335
0.1569
0.2411
0.6739
0.8403
0.8932
0.8957
0.8799
1.7005
0.0335
0.13
0.0335
0.0335
0.0335
0.0335
0.13
0.1358
1.2197
0.4546
0.6751
0.6884
0.7424
0.8639
1.6687
1.6936
1.8208
1.8105
1.8105
1.9174
1.9269
1.6936
1.8105
1.8105
0.0335
0.0335
0.0335
0.0335
0.0335
0.1657
0.0335
0.1942
0.0834
0.0335
0.1251
0.1251
0.1251
0.1679
0.1766
0.299
0.5431
1.5521
1.642
1.75
1.6091
1.6375
1.6463
2.4731
0.0335
0.0335
0.1789
0.0335
0.1789
0.0335
0.2501
1.3202
0.0335
0.0335
0.1789
0.0335
0.0335
0.0335
0.1182
0.1467
1.22
2.2101
1.5776
1.5067
1.5495
1.5369
1.5459
0.0335
0.0335
0.0335
0.0335
0.0335
0.0335
0.0335
0.1793
0.2043
1.3274
0.0335
0.0335
0.0335
0.0335
0.0335
0.6439
1.3559
0.7471
0.8183
1.6911
1.9311
1.8338
1.7022
1.6243
0.0335
0.0335
0.0335
0.0335
0.0335
0.0335
0.0335
0.0335
0.0335
0.2831
0.0335
0.0335
0.1047
0.1147
0.3427
0.2598
1.3108
1.315
2.3054
2.7036
1.6935
1.568
1.6535
1.6535
0.0335
0.0335
0.0335
0.1768
0.1768
0.0335
0.0335
0.3114
0.809
1.5746
0.1768
0.0335
0.0335
0.1768
0.0335
0.0335
0.1768
0.4454
1.4866
1.7688
1.711
1.7195
1.711
1.6223
1.6223
0.0335
0.0335
0.0335
0.0335
0.1342
0.4158
0.0335
0.0335
0.3035
0.3192
0.4355
1.1398
2.1328
0.5302
0.6172
0.0335
0.0335
1.4779
1.543
1.7424
1.7102
1.7889
3.014
1.6508
0.0335
0.0335
0.0335
0.0335
0.0335
0.0335
0.0335
0.176
0.1882
0.1882
0.1155
0.1047
0.2594
0.1047
1.3637
2.2696
1.5475
1.5975
1.5975
1.5939
1.8104
1.8787
1.9659
1.8004
0.0335
0.2164
0.0335
0.0335
0.1497
0.0335
0.1497
1.8556
0.0335
0.156
1.6865
0.3018
0.0762
0.0335
0.0335
0.2523
1.3618
1.5182
1.514
1.6438
1.4257
1.5847
2.3321
1.6845
0.0335
0.0335
0.0335
0.0335
0.1725
0.0335
1.6832
1.2734
1.4094
0.0335
1.1629
0.0335
0.1262
1.1966
1.2669
1.4094
1.5399
1.5128
2.1513
1.4442
2.2658
1.763
1.7899
1.7082
0.0335
0.4717
0.3203
1.4249
0.0335
0.0335
0.4251
0.6531
2.1377
0.0335
0.0335
0.0335
0.0335
0.157
0.3289
1.0779
0.4873
0.1133
1.2103
1.3915
1.6136
1.6279
0.0335
0.0335
0.0335
0.1747
0.0335
0.0335
0.0335
0.1747
0.1154
1.1575
1.5183
1.4394
1.5294
3.1295
0.0335
0.95
1.1789
0.0335
0.2388
0.0335
0.4312
1.458
1.5378
1.5909
1.6099
0.0335
0.0335
0.0335
0.0335
0.1644
0.0335
0.0335
0.0335
0.0335
0.114
0.0335
0.0335
0.1644
0.0335
0.0335
0.1644
0.1644
0.0335
0.0427
0.6256
0.6833
0.7146
0.931
0.8429
0.1644
0.0335
0.0335
0.0335
0.0335
0.0335
0.0335
0.0335
0.0335
0.1596
0.0335
0.0442
0.0975
0.1992
0.1972
1.2154
0.0335
2.5667
1.484
1.3167
1.4964
1.4477
2.314
2.3275
1.5175
0.0335
0.0335
0.1673
0.1673
0.0335
0.0335
0.0335
0.1673
0.0335
0.1673
0.248
0.1047
0.3566
0.2632
0.0335
0.1673
0.4948
1.4887
1.7762
1.5582
3.3029
1.7925
1.7692
1.6745
0.0335
0.0335
0.0335
0.1727
0.0335
0.0335
0.0335
0.1727
1.2858
0.0335
0.1727
0.0335
0.0335
0.1727
0.0335
0.0335
0.1727
1.2291
1.5815
2.1868
1.6062
1.6062
1.6141
0.0335
0.0335
0.0335
0.0335
0.0335
0.0335
0.1747
0.2236
1.2668
1.3523
1.4417
1.4333
1.4417
0.0335
0.1145
0.2125
0.2249
0.4493
0.5663
0.1747
0.394
0.9757
1.3238
0.1747
0.4668
0.0335
0.0335
0.0335
0.1843
0.0335
0.0335
0.1882
1.6792
1.326
0.0335
0.0335
0.0335
0.0335
0.1197
0.5213
0.2898
1.4789
0.0335
0.6244
0.5166
1.5451
1.7398
1.7362
1.7268
0.0335
0.0335
0.0335
0.0335
0.1601
0.1601
0.0335
0.1851
1.5959
1.5627
1.554
1.6893
0.0335
0.1601
0.0335
0.0335
1.3189
1.5018
1.5808
1.5574
1.5626
2.8682
1.6749
3.787
0.0335
0.0335
0.1534
0.0335
0.0335
0.0335
0.0335
0.0335
0.3443
0.0335
0.0335
0.0335
0.0335
0.0335
0.0335
0.1534
0.0335
0.0335
0.0335
0.1534
0.0335
0.2722
0.7991
1.6377
0.0335
0.0335
0.0335
0.0335
0.1648
0.1648
0.0335
0.0335
0.9063
1.3071
2.1289
2.7191
0.1648
1.1092
1.5114
1.4043
1.4907
1.6907
1.7717
1.5483
1.7998
1.9295
0.0335
0.0335
0.0335
0.1922
0.0335
0.0335
0.1922
0.0762
0.0335
0.9012
0.1922
0.1922
0.0335
0.0854
0.3579
0.2618
0.2806
0.4348
0.531
0.4681
1.3473
1.387
1.5862
2.4806
1.5329
1.5237
0.0335
0.0335
0.0335
0.0335
0.1605
0.0335
0.0335
0.3389
0.5611
0.0335
0.0335
0.0335
0.0335
0.0335
0.1605
0.206
0.4984
1.4105
1.5278
1.4072
0.0335
0.1605
1.0317
0.0335
0.0335
0.0335
0.0335
0.0335
0.171
0.171
0.0335
0.0335
0.2707
2.2318
0.5752
0.171
0.0335
0.1299
0.0335
0.1406
1.3006
1.505
1.4478
1.7207
1.5938
1.7492
1.6117
1.7064
0.0335
0.0335
0.0335
0.0335
0.0335
0.0335
0.1439
0.0335
2.2774
1.2101
1.3953
1.6318
1.6963
1.456
1.3724
1.3724
1.5482
1.4022
2.1123
2.3444
1.4734
1.5511
1.6605
1.8007
0.0335
0.0335
0.1777
0.1777
0.0335
0.0335
0.0335
0.0335
0.244
0.0335
0.0335
0.1877
0.1949
0.1777
0.1777
0.0335
0.3288
1.4955
1.5817
1.4475
1.488
0.259
1.1916
0.0335
0.0335
0.0335
0.1537
0.1537
0.0335
0.0335
0.0335
0.0335
0.0335
0.0335
0.1537
0.0335
0.0335
0.1537
0.4004
1.4211
1.5049
1.5477
1.5904
1.6649
1.6159
1.7452
1.7362
0.0335
0.0335
0.173
0.173
0.0335
0.0335
0.0335
0.0335
0.173
0.181
0.0335
0.0335
0.173
0.0335
0.0335
0.0335
0.1539
0.0335
0.173
0.0335
0.0335
0.0335
0.0335
0.0335
0.0335
0.0335
0.0335
0.1724
0.1724
0.0335
0.0335
0.0834
0.5645
0.0335
0.1724
0.1818
0.1724
0.0834
0.1702
0.2224
0.213
0.446
0.6098
0.7146
0.6101
1.4976
0.7774
0.8144
0.8238
0.0335
0.16
0.0335
0.0335
0.0335
0.16
0.0335
0.3323
0.6206
0.0335
0.16
0.0335
0.0335
0.0335
0.0335
0.0335
0.4227
0.5866
0.7133
0.8712
0.7447
0.684
0.16
0.16
0.0335
0.0335
0.0335
0.0335
0.0335
0.0335
1.1386
0.0335
0.3584
0.0335
0.0335
0.0335
0.0399
0.3051
0.3126
0.2047
1.0353
2.3327
2.4579
1.7177
1.7177
1.8479
1.9898
1.6767
0.0335
0.1662
0.1662
0.0335
0.0335
0.1662
0.1662
1.2805
1.2701
1.1763
1.1847
2.0992
1.3803
0.1662
0.0335
0.1459
1.0864
1.4555
1.5745
1.7033
2.4994
1.6224
1.7293
1.8426
0.0335
0.0335
0.0335
0.1576
0.1576
0.0335
0.0335
0.0477
0.1576
0.1576
0.0335
0.0421
0.1098
0.3108
0.6237
0.5423
0.824
0.0335
0.3314
1.326
0.0335
0.3186
0.0335
0.0335
0.0335
0.1584
0.0335
0.0335
0.1584
0.0335
0.1584
0.1225
1.0388
1.0388
1.2614
1.3667
2.3981
1.229
1.3539
1.2391
1.2821
1.3262
1.4262
2.9438
1.9108
1.8055
1.7234
3.0424
0.0335
0.0335
0.1574
0.1574
0.0335
0.0335
0.0335
0.0335
0.1574
0.0335
0.0335
0.0335
0.1574
0.1911
0.0335
0.0335
0.0335
0.1574
0.0335
0.0335
1.0658
1.2736
1.5265
0.1574
0.0335
0.0335
0.0335
0.0335
0.0335
0.0335
0.0335
0.1821
0.0335
0.0335
0.0912
0.2204
0.3776
0.3691
1.3405
1.426
1.3195
1.4492
1.4656
1.5283
1.6584
2.473
1.9912
1.8327
0.0335
0.0335
0.1689
0.1689
0.0335
0.0335
0.1689
0.3009
0.3963
0.2928
0.0335
0.0335
0.0335
0.0415
0.1332
0.2187
0.2928
0.4674
1.4713
1.6861
0.0335
0.0335
0.3111
0.0335
0.0335
0.0335
0.1859
0.1859
0.0335
0.0335
0.9348
1.1678
2.1978
1.2105
0.0335
0.0335
2.0013
0.0335
0.0335
0.0335
0.334
1.3452
3.9683
1.5874
2.5881
1.715
1.7797
0.0335
0.0335
0.0335
0.1579
0.0335
0.0335
0.0335
0.0335
0.0335
0.0335
0.0335
0.0335
0.4049
0.0335
0.0335
0.1682
0.1151
0.1475
0.4805
1.4737
1.56
1.6098
1.6597
1.5614
1.5614
0.0335
0.0335
0.1928
0.0335
0.1928
0.0335
0.0335
0.0335
0.0674
0.0335
0.0335
0.0335
0.0335
0.0335
0.1274
0.1274
0.1928
1.7725
0.4759
0.5898
1.4448
1.5649
1.4748
1.4934
0.0335
0.1676
0.1676
0.0335
0.0335
0.1676
0.0335
0.3015
1.1215
0.1676
0.0335
0.0435
0.9163
1.1063
1.0792
1.1042
1.3531
1.5487
1.3744
1.4336
1.4236
1.43
1.454
1.487
0.0335
0.0335
0.0335
0.1797
0.0335
0.0335
1.0274
1.2868
1.4233
1.5093
1.5933
1.479
1.4613
1.4393
1.4964
1.4595
1.6918
1.7235
1.5455
1.5836
1.6595
1.7198
0.1797
1.1055
0.0335
3.2721
0.0335
0.0335
0.1751
0.0335
0.0335
0.0335
1.1376
0.1265
0.1155
0.3284
0.2405
0.3007
0.2187
0.4271
1.1859
1.4472
1.6971
1.7541
2.7153
1.6159
1.627
3.3111
0.0335
0.1753
0.0335
0.0335
0.0335
0.1753
0.0335
0.2636
0.6389
0.0335
1.7411
0.5506
0.1902
0.0335
0.1753
0.1474
1.4092
0.5223
0.7924
0.6175
0.627
1.3974
2.2159
1.3357
0.0335
0.0335
0.0335
0.195
0.0335
0.195
0.195
0.0335
0.0335
0.1047
0.2963
0.4759
0.5337
0.3476
0.0335
0.195
0.3984
0.4645
0.6324
1.8793
1.8029
2.6046
1.8218
1.9754
0.0335
0.0335
0.1853
0.1853
0.0335
0.1853
0.0335
1.2255
1.1913
0.0335
0.0335
0.0335
0.0335
0.1853
0.1853
0.0335
0.0335
0.984
2.2063
1.3446
1.5534
1.4295
1.572
0.1853
0.0335
0.0335
0.1751
0.0335
0.0335
0.1751
0.0335
0.2187
2.389
0.5337
0.1751
0.0335
0.0335
0.0335
0.3913
0.2423
0.2936
1.3021
1.4854
1.6685
1.6217
2.589
1.8448
0.1751
0.0335
0.0335
0.0335
0.1442
0.0335
0.0335
0.8527
0.1822
0.1822
0.3014
0.201
0.2249
0.1938
0.0335
0.1442
0.1442
0.0335
1.1457
0.5933
0.7287
0.7351
0.8812
0.8956
0.7282
0.0335
0.0335
0.0335
0.0335
0.1505
0.0335
0.0335
0.0335
0.7631
0.1657
0.1372
0.297
0.1621
1.0357
0.2371
0.124
0.124
0.0335
0.3429
0.3961
2.4185
0.7376
0.7804
0.8415
0.0335
0.0335
0.1501
0.0335
0.0335
0.0335
0.1501
0.0335
0.2749
0.2641
0.3446
0.2926
0.2926
0.0335
0.194
0.2097
0.3095
1.1876
2.2229
1.4157
1.487
1.6463
1.5529
1.6757
0.0335
1.1219
0.0335
0.0335
0.2409
0.176
0.0335
3.3603
2.2354
1.0488
1.0578
1.0737
0.0335
0.176
0.167
1.3048
1.4991
1.4217
1.3982
1.4497
1.4407
1.4407
1.5831
1.6634
0.0335
0.0335
0.1592
0.0335
0.0335
0.1592
0.2268
2.0581
0.277
0.0335
0.0335
0.1592
0.0335
0.0335
0.0335
0.0335
1.8512
1.2418
1.2947
0.5146
1.3169
1.477
1.4834
1.5262
0.0335
0.0335
0.0335
0.0335
0.1377
0.0335
0.0335
0.0335
0.2314
0.0335
0.0335
0.1377
0.0335
0.0335
0.0335
0.1377
0.0335
0.2911
0.7671
0.8377
1.571
1.5636
1.7989
1.684
0.0335
3.254
0.165
0.0335
0.165
0.165
0.0335
0.0335
1.7354
0.0335
0.112
0.1607
0.0335
0.165
0.0335
0.3245
1.3961
1.5156
1.5579
1.4906
2.5848
1.7606
1.7094
0.0335
0.0335
0.0335
0.0335
0.0335
0.0335
0.1753
0.1753
0.1047
0.1732
0.0335
0.2231
0.2929
0.0335
0.0335
1.155
1.3545
1.4304
1.6132
0.0335
1.2785
1.4025
1.5232
2.4083
0.1753
0.0335
0.0335
0.0335
0.1791
0.1791
0.0335
0.0335
0.0335
0.0335
0.0762
3.1836
2.7972
0.4648
0.3192
1.1778
1.4659
1.3267
1.3694
1.8394
1.7404
1.815
1.7303
1.7194
1.6332
0.0335
0.0335
0.0335
0.2087
0.0335
0.0335
0.2087
0.0335
0.0335
0.2087
0.0335
0.0335
0.0335
0.0335
0.3071
0.2032
0.2784
0.0335
0.1442
0.7831
2.9593
1.469
1.7293
1.6794
0.0335
0.1528
0.0335
0.0335
0.1528
0.1528
0.0335
0.1546
0.4475
0.2608
0.0335
0.0335
0.0335
0.0335
0.7737
0.2686
0.5131
0.6624
0.6118
1.5971
1.6724
1.5725
1.5819
1.5725
0.0335
0.1501
0.0335
0.0335
0.1501
0.0335
0.0335
0.1501
0.0335
0.0335
0.1501
0.0335
0.0335
0.0335
0.1501
0.1501
0.1501
0.2009
0.8243
0.7209
1.8185
1.6405
1.6405
1.6897
0.0335
0.1721
0.0335
0.0335
0.0335
0.0335
0.0335
0.1721
0.2188
0.0733
0.0335
0.0335
0.1721
0.0733
0.0431
0.3158
0.2827
0.3443
0.4212
1.3812
0.7215
2.5437
0.7268
0.747
0.0335
0.1485
0.1485
0.0335
0.1485
0.1485
0.0335
0.0335
0.1485
0.0335
0.0335
0.1485
0.0335
0.1562
0.0335
0.0335
0.0834
0.1485
0.1485
0.3253
0.4947
0.6039
0.1485
0.0335
0.0335
0.0335
0.0335
0.0335
0.1606
0.0335
0.0335
0.1606
0.0335
0.0335
0.0335
0.0335
0.0335
0.0335
0.0335
0.0335
0.0335
0.3292
0.5291
0.7435
0.7385
0.8556
0.0335
0.135
0.0335
0.4011
0.0335
0.1958
0.0335
0.0335
0.0335
0.0335
0.276
0.1047
0.0335
0.3046
0.2953
0.2897
0.3241
1.1845
0.593
0.253
0.7007
0.6256
0.0335
0.0335
0.1958
0.0335
0.0335
0.0335
0.1858
0.0335
0.0335
0.1858
0.1858
0.0335
0.0335
0.0861
0.1595
0.0335
0.2791
0.1978
0.2307
0.0335
0.0335
0.1716
1.1655
0.0335
0.0335
0.0335
0.1858
0.0335
0.0335
0.0335
0.0335
0.0335
0.0335
0.0335
0.0335
0.0335
0.0335
0.0335
0.0335
0.0335
0.1723
0.0335
0.0335
0.0335
0.0335
0.1723
1.0453
1.3544
1.5817
1.7134
1.5023
0.0335
0.0335
0.0335
0.1561
0.0335
0.0335
0.1561
0.0335
0.0335
1.3163
1.7896
0.0859
0.0335
0.1561
0.0335
0.0335
0.0431
0.2133
1.2967
1.5425
1.5503
1.6633
1.5796
2.3035
1.7307
0.0335
0.0335
0.0335
0.0335
0.0335
0.0335
0.1995
1.1744
3.2362
1.0723
2.4482
1.0723
0.1356
0.0335
0.0335
0.0335
0.0335
0.9034
1.2585
2.3247
1.6799
1.6461
1.7481
0.0335
0.0335
0.1858
0.1858
0.0335
0.0335
0.0335
0.0335
0.0335
0.1945
0.0335
0.1858
0.0335
0.1352
0.1352
0.0335
0.0335
0.1352
0.379
1.5372
2.3514
1.5253
0.042
1.2632
0.0335
0.0335
0.0335
0.0335
0.0335
0.0335
0.0335
0.0335
2.0927
0.279
0.4537
0.0335
0.1675
0.0335
0.1198
0.1198
0.1291
1.0242
0.2116
0.5325
0.7062
1.7545
0.8495
1.5456
1.7473
0.0335
0.0335
0.0335
0.0335
0.0335
0.0335
0.0335
0.0335
0.1797
0.0335
0.0335
0.1797
0.0335
0.0335
0.0335
0.0335
0.0335
1.0178
1.2693
2.2291
1.5363
2.0666
2.0814
1.5511
0.0335
1.9623
0.0335
0.0335
0.179
0.0335
0.0335
0.0335
2.3933
1.4895
3.0464
0.2902
1.1852
0.2902
0.4141
1.1537
0.4589
0.3134
1.2611
0.0335
0.0335
0.179
0.0335
0.0335
0.0335
0.0335
0.0335
0.1722
0.0335
0.0335
0.0335
0.0335
0.2957
0.2957
0.2267
0.2267
0.4182
0.0335
0.0335
0.1722
0.1154
0.1398
1.3069
1.6657
1.5862
1.5762
1.751
1.5862
0.0335
0.0335
0.0335
0.0335
0.0335
0.1605
0.0335
0.0335
0.0335
0.0335
0.8635
0.8735
1.1077
1.0977
1.881
0.0335
0.7376
0.6324
0.7877
0.8889
0.1605
1.3437
1.6436
1.7131
0.0335
0.1676
0.1676
0.0335
0.0335
0.1676
0.0335
0.0335
0.0762
0.1358
0.0335
0.0335
0.1676
0.1608
0.0335
0.0335
0.2177
0.3412
0.512
1.3751
1.4179
3.5213
1.6249
0.1676
0.0335
0.1679
0.0335
0.3239
0.0335
0.0335
0.0335
0.0335
0.0335
0.0335
0.0335
0.1679
0.119
1.7657
0.522
0.6103
0.5828
0.7032
0.9274
0.721
3.095
0.721
0.7534
0.8554
0.0335
0.0335
0.1598
0.0335
0.0335
0.0335
0.0335
0.0421
0.1598
0.0335
0.0335
0.0335
0.1598
0.1598
0.0335
0.1598
0.0335
0.0421
0.2681
0.4192
1.4264
1.5552
1.7108
0.1598
0.0335
0.0335
0.0335
0.1472
0.0335
0.1472
0.0335
0.0335
0.0335
0.0335
0.9554
0.1472
0.1472
0.1355
0.0335
0.3282
0.3598
0.368
2.1166
2.4341
1.4324
1.4528
1.5619
1.6248
0.0335
1.5936
0.0335
0.1779
0.1779
0.0335
0.0335
0.0335
0.0335
0.1394
0.1394
0.1779
0.1779
0.0335
0.1394
0.0335
0.1507
0.0939
0.6631
0.9001
1.7202
1.6398
1.6998
1.7495
0.0335
0.0335
0.0335
0.0335
0.0335
0.0335
0.1589
0.0335
0.0335
0.0335
0.1589
0.3067
0.1966
0.1703
1.9428
0.3337
0.2953
0.4411
1.5749
1.5785
1.7858
1.7858
2.4596
0.0335
0.0335
0.0335
0.0335
0.0335
0.1793
0.0335
0.0335
0.0415
0.3984
0.2255
0.2175
0.2175
0.2175
0.9204
0.0335
0.1925
0.2255
0.2683
0.9088
0.1793
1.3361
1.4409
1.6168
1.8125
0.0335
0.0335
0.0335
0.0335
0.0335
0.1707
0.1689
0.0335
0.2076
0.0335
0.1707
0.0335
0.0335
0.1707
0.1707
0.0335
0.9514
2.8203
1.1652
3.1714
1.4539
2.1289
1.6384
0.0335
0.0335
0.0335
0.0335
0.0335
0.0335
0.0335
0.0335
0.0335
0.1604
1.3645
0.951
0.9595
0.1604
0.0335
0.1295
0.1209
0.0335
1.149
1.4891
1.6385
1.6756
1.6842
3.142
0.0335
0.0335
0.0335
0.0335
0.0335
0.1554
0.0335
0.8171
0.0834
0.0335
0.1554
0.1554
0.0335
0.0335
0.0335
0.0335
0.1554
0.2573
1.891
1.369
0.6545
0.7381
1.6662
0.7218
0.8685
0.0335
0.0335
0.0335
0.0335
0.0335
0.0335
0.0335
0.8945
0.2658
0.1676
1.069
0.2767
0.2915
0.0335
0.1134
0.0335
0.1134
0.2244
0.6741
0.8943
1.0053
0.9927
0.9939
1.7126
0.0335
0.0335
0.0335
0.0335
0.0335
0.0335
0.0335
0.0335
0.0335
0.1755
0.204
0.1755
0.0335
0.0335
0.0335
0.0335
0.0335
0.1755
1.778
1.3345
3.2035
1.4913
1.5261
1.6444
0.0335
0.0335
0.1905
0.0335
0.0335
0.0335
0.0335
0.1905
0.2337
0.2007
0.2104
0.0335
0.0335
0.0335
0.0335
0.0335
0.3578
0.3315
1.1081
1.2793
1.5037
1.4798
1.695
1.5994
0.0335
0.0335
0.1853
0.0335
0.0335
0.1853
0.2963
0.227
0.1505
0.0335
0.1853
0.0335
0.0335
0.0335
0.0335
0.1853
0.126
0.0399
2.1121
3.1289
1.7163
1.7733
1.9315
1.7797
0.0335
0.0335
0.0335
0.0335
0.1615
0.0418
0.8657
0.1047
0.1909
0.2411
0.138
0.1646
0.1895
1.5319
0.1979
0.0335
0.0335
0.1314
0.2027
1.332
1.449
1.7338
1.5874
1.734
0.0335
0.0335
0.1637
0.0335
0.0335
0.0335
0.0335
0.0335
0.0335
0.1725
0.1554
1.0444
0.0335
0.0335
0.0335
0.1637
0.2757
0.2506
1.1055
1.4453
1.46
1.6927
1.6739
3.3954
0.0335
0.0335
0.0335
0.0335
0.1395
0.3552
0.0335
0.1354
0.1573
0.0335
1.8374
0.9885
0.2293
0.0335
0.1493
0.1452
0.1354
0.2685
1.0519
0.5228
2.3148
1.5604
1.5853
0.1395
0.0335
0.0335
0.0335
0.0335
0.0335
0.0335
0.0335
0.0335
0.6707
0.1526
1.799
0.1612
0.3132
1.7118
0.0335
1.0997
0.4681
0.5027
0.3664
0.5737
1.6703
1.838
1.6929
1.6772
0.0335
0.3
0.1525
0.0335
0.1525
0.1525
0.0335
0.0441
0.2531
1.339
2.7697
0.2044
0.1938
0.2044
0.1938
0.1938
1.0381
1.0488
1.0381
1.2866
1.6194
1.7619
1.6514
1.6716
0.0335
0.0335
0.2008
0.0335
0.0335
0.0335
0.0335
0.2088
0.173
0.156
0.3054
0.146
0.146
0.146
0.2877
0.3189
0.2401
0.3991
0.379
0.5305
1.4172
1.4869
1.5688
1.6693
0.0335
0.0335
0.1654
0.1654
0.0335
0.0335
0.0335
0.0335
0.0335
0.1654
0.0335
0.0335
0.1654
0.1572
0.1657
0.2579
1.5002
1.0999
0.2885
0.8121
1.5413
1.6431
1.8463
0.1654
0.0335
0.0335
0.0335
0.0335
0.0335
0.0335
0.1577
0.0335
0.0335
0.1641
0.2578
0.0335
0.0335
0.1577
0.1577
0.0335
0.1175
1.02
0.3291
1.1791
1.3043
1.5465
1.6112
1.487
0.0335
0.0335
0.1746
0.1746
0.0335
0.1746
0.0335
0.0335
0.17
1.1247
0.2672
0.0335
0.0335
0.0335
0.0335
0.1746
0.0834
0.1078
0.0925
0.2216
0.5474
0.7506
1.6966
1.6325
0.0335
0.5822
0.1788
0.0335
0.0335
0.0335
0.0335
0.1219
0.2672
0.0335
0.0335
0.0335
0.1788
0.1305
0.0335
0.0335
0.0335
0.3471
0.3471
0.3321
0.5936
0.8843
0.8031
0.82
0.0335
0.322
0.0335
0.0335
0.167
0.1773
0.0335
0.0439
0.0335
0.801
0.1477
0.2293
0.466
0.3773
0.2009
0.2009
0.2009
1.8233
0.3787
1.6501
0.6831
0.6177
2.7152
0.856
0.0399
0.3121
0.0335
0.0335
0.0335
0.0335
0.0335
0.0335
0.0335
0.0335
0.0335
0.887
0.2405
0.1794
0.0335
0.0335
0.1539
0.1459
0.1957
0.0335
0.0335
0.0335
0.1459
0.0335
0.0335
0.0335
0.1641
1.3298
0.0335
0.0335
0.0335
0.5645
0.3802
2.0506
0.3146
0.3858
0.0335
0.0399
0.1641
0.0335
0.0335
2.5172
0.0754
1.197
1.5342
1.4464
1.6731
1.7967
0.0335
0.0335
0.0335
0.0335
0.0335
0.0335
0.0335
0.1841
0.2554
0.3819
0.2623
0.2554
0.2837
0.1544
0.0335
0.1601
0.0335
0.1414
0.9165
1.1801
0.6786
0.8838
0.6781
0.0335
0.0335
0.1469
0.1469
0.0335
0.0335
0.1469
0.1469
0.0335
0.0335
0.0335
0.1469
0.181
0.151
0.151
0.0335
0.0335
0.1469
0.6685
0.1362
1.3656
1.6099
1.7939
1.8095
0.0335
0.0335
0.0335
0.1652
0.1652
0.1652
0.0335
0.0335
0.0335
0.2229
0.1652
0.1652
0.0335
0.1652
0.0335
0.0335
0.0762
0.0841
0.1589
0.2569
1.402
0.945
0.8383
0.9095
0.0335
0.0335
0.0335
0.0335
0.0335
0.0335
0.171
0.0335
0.0335
0.0335
0.0437
0.4486
0.3423
0.215
0.0335
0.0335
0.0335
0.2711
0.3566
0.2689
0.0335
0.0335
0.0335
0.171
0.0335
0.0335
0.1592
0.0335
0.0335
0.1592
0.0335
0.0335
0.1592
1.4894
0.1668
0.0684
0.0335
0.2727
0.0335
0.2559
0.2808
1.003
0.1012
0.2708
0.7374
0.7039
1.6626
1.8911
1.8992
0.0335
0.0335
0.0335
0.0335
0.1703
0.0335
0.0335
0.0335
0.1846
1.0574
1.3399
0.0335
0.0335
0.0335
0.138
0.2671
0.2748
0.1171
0.1111
0.293
0.4942
0.5364
0.7288
0.1703
0.0335
0.0335
0.0335
0.1797
0.1797
0.0335
0.0335
0.1797
0.1984
0.2025
0.2025
0.2615
0.0335
0.1797
0.0335
0.0335
0.0335
0.0335
1.1941
1.5525
1.6729
0.1797
0.0335
0.0335
0.0335
0.1219
0.0335
0.0335
0.1219
0.1219
0.0335
0.3654
1.4891
1.3753
0.1219
0.0335
0.0335
0.0335
0.0335
0.0335
0.131
0.2045
0.4027
0.3312
0.5033
0.6402
1.5678
0.8739
0.0335
0.0335
0.0335
0.155
0.0335
0.0335
0.155
0.0335
0.1345
0.2058
0.3273
0.0335
0.0335
0.0335
0.0335
0.155
0.0335
0.1345
0.0335
0.2913
1.2027
1.4905
1.5229
0.155
0.0335
0.0335
0.0335
0.0335
0.0335
0.0335
0.1769
0.0335
0.0931
0.0335
0.0335
0.0335
0.0335
0.1874
1.0498
0.0931
0.2679
0.3616
1.4066
0.5146
0.5858
1.5005
2.4481
3.5053
0.0335
0.1752
0.1752
0.0335
0.0335
0.0335
0.0335
0.2322
0.108
0.0905
0.3483
0.3816
0.2306
0.2223
0.2223
0.2223
0.3983
0.3728
0.3455
0.5244
0.4638
1.3559
1.618
1.4763
0.0762
0.1702
0.1702
0.0335
0.0335
0.1702
0.1702
0.0335
0.0335
0.0335
0.0335
0.1047
0.1475
0.3138
0.3223
0.4082
0.4527
2.9484
0.4621
1.5548
2.7287
0.0335
0.1315
0.7829
0.0335
0.0335
0.0335
0.0335
0.0335
0.0335
0.0335
0.1718
0.1718
0.0399
0.1738
0.1169
0.1111
0.3289
0.1993
0.1539
0.2943
0.2943
0.2943
0.3885
1.5249
1.5482
1.4186
1.6195
0.0335
0.0335
0.0335
0.1926
0.0335
0.0335
0.1926
0.0335
0.0335
0.0335
0.0335
0.2353
0.0335
0.0335
0.0335
0.0335
1.5182
0.0335
0.0436
0.161
1.4243
1.4898
1.6488
0.4333
0.0335
0.1823
0.0335
0.0335
0.0335
0.0335
0.0335
0.7072
0.0335
0.0335
0.0335
0.0335
0.0335
0.2752
0.8686
0.0335
0.1179
0.3165
0.1782
0.4062
3.6405
0.5632
2.3735
3.1691
0.0335
0.0335
0.0335
0.0335
0.0335
0.0335
0.0335
0.1714
0.3962
0.2855
0.2464
0.2279
0.37
1.2073
0.0335
0.0335
0.0685
0.0436
0.1714
0.1754
1.4019
1.4086
1.49
1.7603
0.0335
0.0335
0.1726
0.0335
0.0335
0.1726
0.0335
0.0335
0.0335
0.1726
0.1726
0.0335
0.0335
0.0335
0.0335
0.1726
0.0335
0.1109
0.0335
0.3365
0.7066
0.755
0.9563
0.854
0.0335
0.0335
0.0335
0.0335
0.0335
0.0335
0.0335
0.274
0.203
0.0335
0.2317
0.1316
0.2638
0.3775
1.5687
0.0335
0.0335
0.2387
0.3527
1.5101
1.4761
1.7223
1.7586
1.7713
0.0335
0.0335
0.0335
0.0335
0.0335
0.0335
0.1834
0.1834
0.0762
0.9775
1.1373
1.136
2.7237
1.102
1.3397
1.1995
1.2135
1.2138
1.2752
0.131
0.3846
0.0335
0.1834
0.0335
0.0335
0.1976
0.1976
0.0335
0.0335
0.0335
0.1976
0.0335
0.0335
0.1976
0.2245
0.174
0.1646
0.8688
0.0335
0.2717
0.1597
0.3115
0.454
2.4746
1.8407
1.7051
2.4094
1.7051
0.0335
1.0876
0.0335
0.1687
0.0335
0.1687
0.178
0.0335
0.0399
0.2752
0.2752
0.1764
0.0335
0.0335
0.283
0.0335
0.4369
0.4072
0.5634
0.5066
0.9178
0.7826
0.7826
0.1687
0.0335
0.0335
0.0335
0.0335
0.1607
0.1607
1.0132
1.3502
1.3938
0.0335
0.2563
0.2649
0.129
0.1607
0.0335
0.2003
0.0335
0.3767
1.9273
1.3082
1.495
1.5149
1.8149
1.6666
0.0335
0.0335
0.0335
0.0335
0.0335
0.0335
0.0335
0.1792
0.0335
0.0335
0.1707
0.0335
0.1707
0.1707
0.0335
0.0335
1.0309
0.2189
2.4374
0.4689
0.62
0.7281
0.7281
0.0335
0.0335
0.1649
0.0335
0.0335
0.1649
0.0335
0.0335
0.0335
0.95
0.1649
0.1649
0.0335
0.0335
0.0335
0.1649
0.1649
0.0335
0.0335
0.0335
2.0433
1.4487
1.7337
0.0335
0.0335
0.0335
0.0335
0.0335
0.0335
0.0335
0.0335
0.0335
0.1047
0.2872
0.3269
0.2073
0.3498
0.4611
0.5503
0.439
0.439
0.4889
0.0335
0.0335
0.0335
0.3888
1.5142
1.4806
1.6001
1.8204
0.0335
0.0335
0.0335
0.0335
0.0335
0.0335
0.1949
0.1012
0.112
0.3301
0.9279
1.8484
0.2649
0.3508
0.4033
1.2257
1.1976
1.562
1.4649
1.597
1.5319
1.7099
1.8712
0.0335
0.0335
0.0335
0.1723
0.0335
0.0335
0.0335
0.0335
0.0335
0.1723
0.1165
0.1942
0.3181
0.0335
0.1264
0.1165
0.1414
0.1297
0.2919
0.6979
1.6539
1.5397
1.6238
2.648
0.0335
0.0335
0.1775
0.0335
0.0335
0.0335
0.1775
0.1775
0.128
0.0399
0.1775
0.0335
0.0335
0.0335
0.0335
0.1775
0.892
0.9348
1.8276
1.2014
1.4132
1.399
1.399
2.1949
0.0335
0.0335
0.0335
0.0335
0.0335
0.0335
0.0335
0.0335
0.1658
0.1387
1.5752
0.1814
0.165
0.165
0.165
0.0335
1.6037
0.1387
0.3774
0.8017
1.6229
1.5854
3.1294
1.697
0.0335
0.0335
0.0335
0.0335
0.0335
0.0335
0.1739
0.417
0.1739
0.0335
0.7525
0.0335
0.0335
1.958
0.1517
2.0435
0.2118
0.3522
0.4061
0.4465
0.6443
0.6443
1.6497
0.0335
0.0335
0.0335
0.0335
0.1673
0.0335
0.0335
0.1673
0.0335
0.0335
0.122
0.1382
0.3741
0.2317
0.1673
0.0335
0.1269
0.1982
0.1982
0.1355
0.4216
1.2697
1.4978
1.6538
0.1673
0.0335
0.1585
0.1585
0.0335
0.1585
0.1585
0.0335
0.0335
0.1383
1.799
0.4842
0.3387
0.3102
1.269
0.4214
0.5762
0.641
0.6289
0.6544
0.6544
0.8192
0.89
0.7047
3.6671
0.0335
0.0335
0.0335
0.0335
0.0335
0.0335
0.0335
0.043
0.1553
0.198
1.249
0.3014
0.2336
0.1838
0.0335
0.0335
0.0335
0.0335
0.1285
0.2267
1.3809
1.5294
1.6702
0.0335
0.0335
0.0335
0.0335
0.1671
0.0335
0.0335
0.0335
0.0335
0.1671
0.0854
0.129
0.2352
0.3689
0.3304
0.2427
0.2427
0.3139
0.3139
0.2501
1.1632
1.3994
1.5864
1.5563
1.4698
0.0335
0.0335
0.0335
0.173
0.173
0.0335
0.0335
0.173
0.1104
0.173
0.1355
0.126
0.1782
0.3168
0.1773
0.0848
0.1275
0.3176
0.126
0.1355
3.9171
1.6236
1.766
0.173
0.0335
0.0335
0.0335
0.0335
0.0335
0.1666
0.1666
0.0335
0.1244
0.0335
0.1666
0.888
0.2379
0.1265
0.1351
0.1666
0.0335
0.0335
0.2597
0.2528
0.4701
0.5811
0.7142
0.6061
0.0335
0.0335
0.1607
0.1607
0.0335
0.0335
0.1607
0.0335
0.0584
0.0335
0.8684
0.8434
0.139
0.1485
0.139
0.2388
1.1496
1.224
1.2464
1.4281
1.4655
1.3366
1.6091
0.1607
0.0335
0.0335
0.0335
0.0335
0.0335
0.1704
0.0335
0.0335
0.0335
0.0335
0.1704
0.0335
0.0335
0.0335
0.0335
0.2437
0.5547
0.0335
0.1595
0.1704
0.1168
0.0335
1.8178
0.4615
0.0335
0.1494
0.1494
0.0335
0.1494
0.1837
0.0335
0.0856
0.1741
0.3807
0.3967
0.4725
0.4649
0.5
0.5249
1.1633
0.4983
1.4139
2.0795
1.4916
1.4822
1.4485
1.4642
1.4642
0.0335
0.0335
0.0335
0.0335
0.0335
0.0335
0.0335
0.0418
0.9547
2.1854
0.9348
0.9433
1.1736
1.0642
1.0642
1.0713
1.1069
1.011
1.1597
1.1393
1.1956
1.3036
1.5603
0.0418
0.0762
0.1746
0.0335
0.0335
0.0335
0.1746
0.1746
0.1193
0.129
0.1534
0.1354
0.1257
0.1257
0.2494
0.2703
0.2461
0.4468
0.2387
0.2387
0.5113
1.2985
1.6979
1.5568
0.0335
0.0335
0.0335
0.1914
0.0335
0.0335
0.0335
0.2
0.0335
0.0335
0.0424
0.2715
0.1914
0.0335
0.0584
0.0335
0.0424
0.062
0.2512
0.1614
1.2597
1.6072
1.5622
1.5711
0.0335
0.0335
0.1805
0.0335
0.0335
0.0335
0.1805
0.0335
0.232
0.4219
0.39
0.2902
0.2108
0.2192
0.0335
0.2902
0.1714
0.1515
0.1431
0.1431
0.2399
0.5741
0.6918
0.7301
0.741
0.0335
0.0335
0.0335
0.0335
0.0335
0.0335
0.0335
0.0335
0.0335
0.0335
0.0335
0.6832
1.6449
0.0414
0.1127
0.0335
0.0584
0.2062
0.148
0.9856
1.3241
1.6254
1.5093
1.5448
0.0335
0.0335
0.0335
0.0335
0.0335
0.1627
0.0335
0.0335
0.3078
1.2556
1.2062
1.2062
0.0335
0.0335
0.0335
0.3553
0.154
0.3829
0.7287
1.6819
1.6714
2.4282
1.7457
1.723
0.0335
0.1873
0.0335
0.0335
0.0335
0.1873
0.0335
0.0335
0.1531
0.2784
0.1873
0.1188
0.0335
0.1294
0.1686
0.2372
0.2478
0.119
0.257
0.2855
1.2782
1.5352
1.6179
2.7212
0.0335
0.0335
0.0335
0.0335
0.1982
0.1982
0.1982
0.0335
0.0335
0.1982
0.1047
0.0335
1.2128
0.0335
1.0234
0.1333
0.1333
0.2896
2.5118
1.1752
0.6102
1.6502
1.6561
2.7514
0.0335
0.8451
0.0335
0.1635
0.0335
0.0335
0.0335
0.0335
0.1635
0.0335
0.9518
1.08
1.7806
1.2564
1.1365
1.1692
1.1692
1.334
2.0857
1.3978
1.3865
1.4791
1.5116
2.4594
0.0335
0.0335
0.1879
0.0335
0.0335
0.1879
0.0335
1.9949
0.0426
0.265
0.2777
0.1858
1.078
0.2286
0.3999
0.0335
0.0335
0.0335
0.1879
0.1047
1.3723
4.3358
1.5005
0.0335
0.0335
0.0335
0.0335
0.0335
0.0335
0.1791
0.0335
0.0335
0.0335
0.1543
0.9844
1.0026
0.0335
0.0335
0.1791
0.1791
0.0335
0.0335
0.0335
0.2591
1.3184
1.4814
1.3944
1.4726
0.0335
1.4808
0.0335
0.0335
0.0335
0.0335
0.0335
0.0477
0.1812
1.7479
0.1989
0.0335
0.0335
0.0335
0.0335
0.1989
0.0335
0.9035
0.0762
0.171
1.2462
2.1915
0.9632
0.1989
0.0335
0.0335
0.1507
0.0335
0.1507
0.1507
0.0335
0.0931
1.5847
0.0335
0.1507
0.0335
0.0335
0.1507
0.1507
0.0335
0.892
1.1181
1.1576
0.0335
0.0335
1.8435
1.2046
0.4853
0.0335
0.0335
0.0335
0.0335
0.0335
0.0335
0.0335
0.0335
0.1842
0.0335
0.0335
0.1842
0.0335
0.0335
0.1842
0.0335
0.0335
1.8335
1.029
2.1032
1.58
1.7307
2.3076
1.6992
0.0335
0.0335
0.0335
0.0335
0.0335
0.1649
0.0335
0.0335
0.1649
0.2
0.1297
0.1297
0.1297
1.2985
0.1649
0.0335
0.0335
0.2598
0.0335
0.0335
0.0335
0.0335
0.0335
0.1649
0.0335
0.1746
0.0335
0.0335
0.0335
0.0335
0.0335
0.0335
0.0335
0.1206
0.2974
0.3028
0.0335
0.1279
0.2617
0.1746
0.0575
0.0335
1.1963
1.4871
1.4405
1.4164
1.6446
0.0335
0.0335
0.1765
0.0335
0.0335
0.0335
0.0335
0.1765
0.1765
0.0335
0.0335
0.7547
0.0704
0.0335
0.2562
0.2763
0.0335
0.062
1.6052
0.3947
0.1741
0.3374
0.0335
0.2818
0.5889
0.0335
0.2274
0.0335
0.1753
0.0335
0.0335
0.0335
0.1312
0.0335
0.3883
0.1312
0.0335
0.0335
0.2832
0.0335
0.1854
0.0335
0.0335
0.0335
0.1753
0.0335
0.0335
0.0335
0.0335
0.0335
0.1879
0.0335
0.1879
0.0335
0.0335
0.1879
0.1879
0.0402
0.062
0.0687
0.1879
0.1879
0.0335
0.0335
0.1879
0.237
0.0894
0.0894
0.1254
0.6143
0.8649
0.7881
0.0335
0.0335
0.0335
0.0335
0.1711
0.1711
0.0335
0.0335
0.1625
0.3666
0.229
1.1661
1.1453
1.1703
0.0335
0.0335
0.1139
0.1139
0.1479
0.0834
0.1261
0.3228
0.394
1.2953
1.3381
0.0335
0.1558
0.0335
0.0335
0.0335
0.1558
0.7905
0.1408
0.1634
0.1836
0.3772
0.3261
0.227
0.2958
0.1558
0.1558
0.0335
0.1408
0.2358
0.9406
1.3932
1.5071
1.4058
1.414
0.0335
0.0335
0.0335
0.1596
0.0335
0.0335
0.0335
0.0762
0.0762
0.2861
0.2698
0.2429
0.3266
0.4598
0.3266
0.3764
0.1895
0.351
0.243
0.3142
1.3997
1.4614
1.8848
1.7834
0.0335
0.5465
0.0335
0.0335
0.1678
0.0335
0.1678
0.1678
1.0939
0.0335
0.0335
0.1678
0.0335
0.0335
0.1678
0.1678
0.1935
1.0532
0.2184
0.574
0.875
0.8999
0.8248
0.7424
0.0335
0.0335
0.177
0.0335
0.177
0.0335
0.0335
0.177
0.2857
0.2095
0.177
0.0335
0.0335
0.0335
0.1364
0.177
0.2799
0.1264
1.3388
1.2255
1.3305
1.3775
1.4202
0.0335
0.0335
0.0335
0.0335
0.1735
0.0335
0.0335
0.1735
0.0335
0.0335
0.202
1.0463
0.9063
0.0335
1.0035
0.8635
0.0335
0.0335
0.0335
0.062
0.1359
1.4068
2.6999
1.8989
1.7225
0.0335
0.0335
0.1668
0.0335
0.0335
0.0335
0.0335
0.0437
0.1668
0.1668
0.0335
0.0335
0.1668
0.1668
0.0335
0.0335
0.1333
0.2564
0.1333
0.3276
1.2234
1.3561
2.1742
0.0335
0.0335
0.175
0.0335
0.0335
0.0335
0.0335
0.0335
0.0335
0.0335
0.175
0.0335
0.0335
0.0335
0.0335
0.175
0.0335
0.0335
0.0847
0.1783
1.313
1.3273
0.5437
1.697
3.2815
0.0335
0.0335
0.0335
0.0335
0.0335
0.0335
0.0335
0.0335
0.2245
0.4051
0.4051
0.2671
0.3185
0.3518
0.1801
0.0335
0.0335
0.0335
0.0335
0.1801
0.409
1.5405
1.5317
1.8509
0.0335
0.1916
0.0335
0.0335
0.1133
0.1916
0.0335
1.372
0.1916
0.0335
0.0335
0.0335
0.0335
0.0335
0.1916
0.0335
0.0335
0.1374
1.1144
0.9739
1.5704
1.5704
0.0335
0.0335
0.0335
0.0335
0.1633
0.1633
0.0335
0.0335
0.0335
0.1633
0.0335
0.044
1.7038
0.0335
0.2642
0.1842
0.227
0.227
0.227
0.256
0.2079
0.5918
0.6509
1.634
2.011
1.634
0.0335
0.0335
0.0335
0.0335
0.1684
0.1684
0.1684
1.682
0.0335
0.2899
0.0335
0.1684
0.044
0.1995
0.1684
0.0335
0.1673
0.0335
0.0335
0.0335
0.4836
1.5255
1.6144
0.1684
0.0335
0.1738
0.0335
0.0335
0.0335
0.0335
0.0335
0.0335
0.1738
0.1812
0.2451
1.0344
0.0335
0.1738
0.1738
0.0335
0.1758
0.3235
0.1758
0.2251
1.5962
1.673
1.9135
1.6905
0.0335
0.0335
0.1778
0.0335
0.0335
0.0335
0.0335
0.1778
0.2548
0.0335
0.1778
0.0335
0.0335
0.2171
0.3524
0.3524
0.2166
0.2576
0.2911
0.5515
0.637
0.7168
1.7816
0.0335
0.0335
0.0335
0.1823
0.0335
0.0335
0.0335
0.0335
0.1823
1.0151
0.1475
0.1475
0.1552
0.1475
0.0335
0.0335
1.7347
0.0476
0.8585
0.1799
1.1562
1.345
1.6867
1.764
3.2995
0.0335
0.0335
0.2002
0.0335
0.0335
0.0335
0.0335
0.2002
0.0335
0.1138
0.2002
0.2805
0.1138
0.1232
1.5034
0.8116
0.0335
0.8886
0.1569
0.5384
0.8294
0.8349
1.4889
1.5732
0.0335
0.0335
0.0335
0.0335
0.1746
0.0335
0.5755
0.6589
0.5691
0.5942
0.0335
0.0335
0.0335
0.0335
0.0335
0.0335
0.2859
0.31
0.0762
0.3007
0.765
0.9324
0.1746
0.0335
0.0335
0.0335
0.0335
0.0335
0.0335
0.0335
0.0584
0.0676
1.4522
0.4745
0.3456
0.3456
0.3548
0.261
0.1931
0.3269
0.2643
0.4762
1.2148
2.3823
0.6293
1.6557
0.1673
0.0335
0.0335
0.0335
0.0335
0.0335
0.0335
0.0335
0.0335
0.1258
0.173
0.1508
0.272
0.1258
0.1258
0.0437
0.1547
0.0335
0.0335
0.0335
0.1547
0.0335
0.2565
1.357
1.1814
0.0335
0.0335
0.0335
0.1644
0.1644
0.0335
0.0335
0.0335
0.1477
1.1943
0.1644
0.0335
0.2763
0.3095
0.9256
0.4321
0.1083
0.2234
0.4364
0.3742
0.6339
0.6944
0.6078
1.4378
0.0335
0.0335
0.1683
0.0335
0.0335
0.1683
0.0335
1.2749
0.1759
0.4548
0.9694
0.2255
0.0335
0.0335
0.1683
0.0335
0.0335
0.0335
0.126
0.2608
0.332
0.6084
0.7827
1.5208
0.8181
0.0335
0.0955
0.0335
0.0335
0.0335
0.0335
0.1772
0.0335
0.3798
0.3291
1.1665
1.9906
0.3968
0.0335
0.0335
0.0335
0.1772
0.0762
2.0305
1.1583
1.3721
1.3958
0.0335
0.1772
0.0335
0.0335
0.0335
0.1671
0.0335
0.0335
0.0335
0.0335
0.1354
1.0019
0.1671
0.1354
0.0335
0.1446
0.2985
0.1671
0.0335
0.0335
2.4813
0.3869
1.4057
1.5995
1.6587
0.1671
0.0335
0.0335
0.1797
0.1797
0.1797
0.0335
0.0335
0.0335
0.1797
0.2082
0.0705
0.0705
0.226
0.0335
0.0335
0.0335
0.0427
0.2505
0.1775
0.4049
0.7923
0.8508
0.7762
0.6612
0.0335
0.1658
0.0335
0.0335
0.0335
0.0335
0.0335
0.0335
0.1658
0.0335
0.8635
0.8635
1.1363
1.1801
1.1102
2.0097
1.0927
0.9861
1.2467
1.418
1.4091
1.4399
1.6848
1.5525
0.0335
0.1648
0.1648
0.0335
0.0335
0.1648
0.1648
0.1304
0.1332
0.0335
0.0335
0.1345
0.1298
0.2317
0.2317
0.0335
0.0335
1.1898
0.0335
0.0335
0.0335
0.2462
1.3151
0.7851
0.0335
0.1768
0.0335
0.0335
0.0335
0.0335
0.1768
0.1768
0.0335
0.0433
0.0335
0.2944
0.0335
0.1689
0.1689
0.1689
0.2556
0.2038
1.1263
0.7024
1.4756
1.6866
1.5946
1.5946
0.0335
0.1871
0.0335
0.0335
0.0335
0.0335
0.1871
0.0335
0.0335
0.0335
0.0335
0.0803
1.4442
0.1625
0.1625
0.0335
0.0335
0.1312
0.511
1.4364
1.5397
1.6933
1.7532
0.0335
0.0335
0.0335
0.0335
0.1641
0.0335
0.0335
0.0335
0.0335
1.0014
0.0335
0.0335
0.0335
0.0335
0.0335
0.0335
0.0408
0.0408
0.1032
1.2327
0.4603
0.6303
0.8743
0.8446
1.4407
0.0335
0.0335
0.0335
0.0335
0.1705
0.1705
0.0594
0.0335
0.0762
0.2051
0.3422
1.1278
1.2734
2.8188
0.0335
0.0335
0.0584
0.1297
0.3055
1.2356
1.3673
1.4799
1.5511
1.6224
0.0335
0.0335
0.0335
0.0335
0.0335
0.0335
0.1683
0.7162
1.3578
0.0826
0.136
0.2746
1.6414
0.1881
0.3634
1.6831
0.3152
0.3437
1.2108
1.5414
1.4125
2.1597
1.5281
1.7445
0.0335
0.0335
0.0335
0.0335
0.1759
0.1759
0.0335
0.0335
0.1293
0.3216
0.2284
1.1492
1.274
1.1781
1.9071
0.1759
0.0445
0.8635
1.2244
1.3462
1.4065
1.4424
1.5802
1.5764
0.0335
0.0335
0.0335
0.0335
0.0335
0.0335
0.1647
0.0415
0.1154
0.1647
0.1647
0.0335
0.0335
0.0335
0.0335
0.0335
0.1727
1.3055
0.1543
0.3987
0.4762
0.7009
1.3668
1.4202
0.0335
0.4444
0.0335
0.0335
0.0335
0.0335
0.1366
0.2831
0.0335
0.0335
0.1755
0.0335
0.0335
0.1755
0.1755
0.2479
0.964
0.3674
0.1249
1.414
1.5026
1.5623
2.3895
1.5623
0.0335
0.0335
0.1636
0.0335
0.0335
0.0335
0.0335
0.0335
0.0418
1.7595
0.1696
0.1636
0.1696
0.0335
0.1636
0.0335
0.0335
0.9979
0.3896
0.516
0.5933
1.6191
1.7872
1.8577
0.0335
0.0335
0.0335
0.0335
0.0335
0.0335
0.0335
0.043
0.0335
0.1699
0.0335
0.0335
0.0335
0.0335
0.0335
0.1699
0.0694
0.1699
0.1047
1.2989
2.5546
1.5768
1.8078
1.6714
0.0335
1.3112
0.0335
0.0335
0.1755
0.1755
1.7128
0.1755
1.2625
0.0335
0.0335
0.1755
0.1256
0.9557
0.1755
0.0335
0.0335
0.0335
0.2676
0.3978
2.1944
1.4487
1.662
0.0335
0.0335
0.1701
0.1701
0.0335
0.0335
0.0335
0.1701
0.0335
0.0335
0.1701
0.1158
0.1871
0.1871
1.0171
1.9455
1.0177
1.0488
1.0488
1.9999
1.2989
1.4643
1.6999
1.9077
1.7854
0.0762
0.0335
0.0335
0.0335
0.0335
0.0335
0.0335
0.2139
0.2139
0.0584
0.2022
0.2073
0.2073
0.4288
0.3094
0.1367
0.4488
0.2683
0.5531
2.5681
1.6323
1.5369
1.7173
1.7036
0.0335
0.1867
0.0335
0.0335
0.1867
0.1867
0.0335
0.1618
1.9008
0.1867
0.0335
1.0947
0.9604
0.2944
0.2564
0.5189
0.3753
0.3032
0.5179
0.6596
0.6612
0.7621
0.5853
0.5757
0.0335
0.0335
0.0335
0.0335
0.196
0.196
0.0335
0.131
0.1738
0.0335
0.0335
0.196
0.131
0.196
0.196
0.0335
0.1794
0.142
2.2901
1.4435
0.0335
0.2365
1.2871
0.0335
0.0335
0.0335
0.1432
0.0335
0.1432
0.0335
0.0335
0.0335
0.1432
0.0426
0.1138
0.2239
0.3606
0.4633
0.4504
0.4594
0.3876
0.3876
0.3876
1.5347
0.6961
0.9057
0.9057
0.8672
0.0335
0.0335
0.1641
0.1641
0.0335
0.0335
0.1641
0.0335
0.1507
0.0335
0.0335
0.0335
0.0335
0.0335
0.1641
0.0335
0.1583
0.3312
0.3837
0.5946
0.7651
0.6104
0.6938
0.0335
0.0335
0.0335
0.0335
0.0335
0.0335
0.1659
0.0335
0.0335
0.0434
0.0762
0.1659
0.1659
0.0335
0.0335
0.0335
0.2533
0.3246
0.2021
0.0335
0.1659
1.1918
1.4174
1.4079
0.0335
0.0335
0.1527
0.0335
0.0335
0.0335
0.0335
0.0335
0.1319
1.1759
0.2167
0.219
0.3852
0.2415
0.0335
0.0335
0.1047
0.1319
0.1736
0.206
0.1527
0.0335
0.0335
0.1527
1.2685
0.0335
0.0335
0.0335
0.0335
0.0335
0.0335
0.182
0.0335
0.0335
0.0441
0.0685
0.2171
0.1511
0.0335
0.182
0.182
0.182
0.2062
0.8028
0.8384
0.7505
1.6811
1.6793
0.182
0.0335
0.0335
0.0335
0.0335
0.0335
0.1703
0.0335
0.0335
0.1716
0.0335
0.0335
0.0424
0.0335
0.0424
0.0335
0.5847
0.6898
0.6503
0.3047
1.3514
1.4725
1.5226
1.4638
1.6729
0.0335
0.0335
0.0335
0.1448
0.0335
0.0335
0.181
0.4549
1.4289
0.5354
0.4148
0.5261
0.0335
0.0335
0.0335
0.1448
0.1113
0.0335
0.1555
1.4709
1.5406
1.574
1.5897
1.5262
0.0335
0.0335
0.0335
0.0335
0.0335
0.1782
0.0335
0.0335
0.0335
0.221
0.1603
0.2066
0.3478
0.3478
0.2031
0.119
0.279
0.3373
0.4554
0.4154
1.3284
1.4376
1.6555
1.5123
0.1047
0.0335
0.0335
0.1778
0.1778
0.0335
0.0335
0.1778
0.119
0.0427
0.0335
0.0335
0.0335
0.1778
0.0335
0.1778
0.1778
0.0427
0.3574
1.3871
1.4556
1.6551
1.6334
1.7415
0.0335
0.1658
0.0335
0.0335
0.0335
0.0335
0.0335
0.1658
0.2773
0.0483
0.0335
0.1658
0.2294
0.3007
0.0335
0.0335
0.1418
0.2035
0.1933
1.3438
2.1795
1.6333
0.1658
0.1658
0.0335
0.0335
0.1748
0.0335
0.0335
0.0335
0.1748
0.0335
0.0335
0.0335
1.7329
1.0049
0.1812
0.1289
0.2311
0.2194
0.3429
0.3184
1.3408
1.3121
1.3121
1.5151
1.5959
1.5418
0.0335
0.0335
0.0335
0.0335
0.1638
0.0335
0.1638
1.3469
0.8485
0.7376
0.0335
0.0335
0.0335
0.2536
0.1952
0.1752
0.135
0.282
0.6387
1.074
0.6719
2.2409
2.3122
1.6081
0.0335
0.0335
0.1782
0.0335
0.0335
0.0335
0.0335
0.0335
0.1253
0.1365
0.2986
0.1782
0.0335
0.0335
0.0335
0.2701
0.9452
0.8635
1.1379
1.3238
1.4518
1.4834
1.5373
0.1782
0.0335
0.0335
0.0335
0.1769
0.1769
0.0335
0.0335
0.0434
0.0335
0.2016
0.9348
1.0865
0.0335
0.0335
0.0335
0.0335
0.16
2.3416
1.6225
1.6312
1.5895
3.2561
1.7463
4.6324
0.0335
0.0335
0.169
0.0335
0.0335
0.0335
0.169
0.2565
0.0335
0.0335
0.0406
0.0335
0.169
0.0335
0.0335
0.0335
0.2601
0.1563
0.4767
1.5826
1.648
1.6713
1.6642
0.0335
0.0335
0.1954
0.4021
1.9356
0.0335
0.1954
0.1954
0.0335
0.0506
0.0335
0.0335
0.0335
0.0335
0.1954
0.0335
0.1476
0.1387
2.0603
0.2246
0.5508
0.7731
0.2256
0.4073
0.0335
0.0335
0.0335
0.0335
0.0335
0.0335
0.0335
0.0862
0.0335
0.0335
0.0335
0.1772
0.1772
0.0335
0.0335
0.0335
0.1772
0.0609
0.2007
0.6652
1.6817
1.538
1.7009
1.8752
1.7602
0.0335
0.2353
0.0335
0.0335
0.0335
0.0335
0.164
0.0335
0.0335
0.0335
0.0335
0.2772
0.1553
0.2179
0.0335
0.0335
0.991
1.4271
1.6033
1.6001
1.6493
1.7006
1.7093
1.9318
0.0335
0.0335
0.1798
0.1798
0.0335
0.0335
0.0335
0.0335
0.1798
0.1322
0.1597
0.122
0.2125
0.3587
0.8467
0.2125
0.3651
0.2901
1.1523
2.0786
2.1041
1.3915
1.482
1.4593
0.0335
0.0335
0.0335
0.0335
0.1979
0.0335
0.0335
0.0335
0.0668
0.1297
0.1297
0.4056
0.2514
0.0335
0.1979
0.0335
0.0335
0.1552
0.4056
0.4859
0.5607
0.6591
0.7446
1.029
0.0335
0.0335
0.1954
0.0335
0.0335
0.1954
0.1047
0.0335
0.0434
0.0335
0.1954
0.1954
0.0335
0.0335
0.0477
0.1954
0.0335
1.8335
0.1954
0.4118
0.0335
0.0335
0.2914
1.4334
0.0335
0.0335
0.0335
0.0335
0.1492
0.1492
0.1492
1.4956
0.2414
0.1799
0.1133
0.0335
0.0335
0.0335
0.1492
0.0335
0.0335
0.0335
0.313
0.4301
1.5416
1.6226
0.1492
0.0335
0.0335
0.1632
0.0335
0.0335
0.1632
0.0335
0.0335
0.1763
0.2974
0.0335
0.0335
0.1632
0.0335
0.0335
0.0335
0.1632
0.2365
0.1148
1.143
0.6589
0.7235
0.6534
0.1632
0.0335
0.0335
1.031
0.1733
0.0335
0.0335
0.1733
0.0335
0.0335
0.0335
0.0425
0.1723
0.1972
0.1972
0.2698
0.2649
1.1153
0.2072
0.183
0.4743
0.7229
0.7852
0.7352
0.6908
0.7158
0.0335
0.4075
0.0335
0.0335
0.0335
0.0335
0.0335
0.0335
0.0335
0.4088
0.0335
0.1404
0.1833
0.0335
0.0335
0.3875
0.2765
0.4197
1.2301
1.5367
0.0335
0.0335
0.0335
1.9301
0.0335
0.0335
0.0335
0.0335
0.0335
0.1608
0.0335
0.1608
0.0543
0.0635
0.4344
0.0335
0.0335
0.0335
0.1251
0.2952
0.3294
0.3317
2.0257
1.7164
1.6819
1.7047
1.7047
1.7389
0.0335
2.8454
0.0335
0.1564
0.0335
0.0335
0.0335
0.0399
0.1672
1.815
0.3167
0.2322
0.4612
1.1229
0.2372
0.1681
1.1598
0.3512
0.6508
1.6697
1.5692
1.5597
1.6312
1.6312
0.0335
0.0335
0.1676
0.0335
0.0335
0.0335
0.0335
0.0335
0.1806
0.0417
0.4548
2.0552
0.0335
0.1481
1.0918
0.0335
0.2665
0.5228
0.6073
0.8003
0.6657
0.7496
0.7496
0.1676
0.0335
0.0335
0.1796
0.0335
0.0335
0.1796
0.0335
0.2509
0.3654
0.5427
0.6314
0.0335
0.0335
0.2096
0.0335
0.1796
0.1523
0.1419
0.4613
0.681
0.6913
0.8235
0.8533
0.0335
0.0335
0.0335
0.0335
0.0335
0.177
0.0335
0.0335
0.177
0.0335
0.0335
0.0335
0.177
0.0335
0.0335
0.1334
0.2769
0.1307
0.0335
0.0335
1.0446
1.5549
0.177
0.0335
0.0335
0.0335
0.0335
0.0335
0.0335
0.0335
0.1757
0.0335
1.349
1.5193
0.062
0.8806
0.2101
0.1391
0.1332
0.1332
0.0418
0.0335
0.3213
0.7051
1.628
1.5892
1.5976
1.8063
0.0335
0.0335
0.0335
0.0335
0.0335
0.0335
1.328
0.1794
0.0335
0.0335
0.2825
0.3402
1.4359
0.0335
0.0335
0.0335
0.0335
0.0417
0.1261
1.9638
1.4585
1.5286
1.6949
1.6498
0.0335
0.0335
0.0335
0.0335
0.0335
0.0335
0.1886
0.1886
0.0335
0.1886
0.1475
0.3044
0.3185
0.4589
0.6322
0.6322
0.4771
0.5558
0.775
0.6543
0.8362
1.7041
1.7603
1.7698
1.7934
0.0335
0.1717
0.0335
0.0335
0.0335
0.1717
0.0335
0.0335
0.1758
0.0335
0.4232
0.0335
0.2476
0.2918
0.327
0.3412
0.91
1.0706
1.2839
1.6352
1.7702
1.6569
1.6494
1.6494
0.0335
1.1393
0.0335
0.2038
0.0335
0.0335
0.2038
1.2113
1.0902
0.1255
0.0335
0.2038
0.1255
0.0335
0.0335
0.2038
0.1606
0.0469
1.2191
1.398
1.3631
0.273
0.0335
0.0335
0.0335
0.0335
0.0335
0.0335
0.19
0.0335
0.1881
0.2308
0.4389
0.0335
0.0335
0.19
0.0335
0.0335
0.0335
0.0335
0.0335
0.19
1.2176
1.5219
1.5311
1.5279
1.4229
1.588
0.0335
0.0335
0.0335
0.1574
0.0335
0.0335
0.0335
0.0335
0.0335
0.0335
0.0335
0.1574
0.0335
0.0335
0.0335
0.1574
0.0335
0.1475
0.6587
0.7137
0.7137
0.8367
1.0034
0.8705
0.0335
0.0584
0.0335
0.1604
0.0335
0.0335
0.2103
0.0584
0.0335
0.2677
0.1407
0.1407
0.0335
0.1604
0.0335
0.0335
0.1604
0.2006
1.6254
0.6193
0.8805
2.9627
1.664
2.5209
0.1047
0.1607
0.1788
0.0335
0.0335
0.1607
0.0335
0.0335
0.0335
0.1012
0.2865
0.1592
0.2732
0.2976
0.3063
0.4249
0.3032
0.1824
0.4011
1.2969
1.3396
2.1259
1.4453
1.7206
0.0335
0.0335
0.1742
0.0335
0.0335
0.0335
0.0335
0.0335
0.1742
0.1288
0.215
1.1774
0.1742
0.1573
0.1661
0.0335
0.0335
0.3317
0.5663
0.3612
0.6314
0.6292
0.1742
0.1742
0.0335
0.0335
0.0335
0.0335
0.0335
0.1546
0.0335
0.0335
0.185
0.0435
0.0335
0.0335
0.0335
0.185
0.0335
0.0335
0.185
0.0335
0.0435
0.0335
0.1297
0.9864
0.7171
1.5214
0.0335
1.421
0.0335
0.0335
0.163
0.163
0.0335
0.0335
0.163
0.257
0.2487
0.0335
0.0335
0.1261
0.163
2.115
1.4661
1.5504
1.4642
1.4869
2.1995
1.5818
2.4366
0.163
0.0335
0.0335
0.1568
0.0335
0.0335
0.042
0.0335
0.0335
0.2605
0.0335
0.0335
0.0335
0.0335
0.1128
1.043
0.2924
0.2738
0.0335
0.1568
0.1568
0.414
0.6562
0.9386
3.5744
0.0335
0.0335
0.0335
0.0335
0.0335
0.0335
0.0335
0.0335
0.7191
0.0428
0.0335
0.0335
0.0335
0.0335
0.0335
0.0335
0.0335
0.2281
1.3274
1.4643
1.7292
1.5669
1.5669
0.0335
0.0335
0.0335
0.0335
0.0335
0.0335
0.1644
0.1644
0.1047
0.9007
0.3128
0.1644
0.0335
0.0335
0.0335
0.2448
0.0335
0.123
0.4324
2.1512
0.0335
0.7143
0.3712
1.387
0.0335
0.0335
0.1649
0.0335
0.0335
0.0335
0.1649
0.228
0.3066
0.3296
0.0335
0.113
0.4239
0.1297
0.2611
0.2166
0.0335
0.1649
1.0865
1.4107
1.5461
2.5742
1.6683
0.0335
0.1649
0.0335
0.0335
0.0335
0.1513
0.0335
0.0335
0.1513
0.0335
0.0335
0.0335
0.1513
0.2655
0.1047
0.1047
0.2653
0.2364
0.228
0.4812
0.5249
1.4811
0.618
0.5798
1.4597
1.7494
0.0335
0.6225
0.1704
0.0335
0.0335
0.0335
0.0335
0.1704
0.0335
0.0335
1.0262
0.0335
0.0335
0.0335
0.0335
0.0335
0.0335
0.4352
0.0335
0.35
0.4675
2.4003
2.5428
0.1704
0.0335
0.0335
0.0335
0.0335
0.1621
0.0335
0.0335
0.0335
0.1621
0.1621
0.0335
0.0335
0.0335
0.0335
0.1621
0.1621
0.0762
1.014
0.8149
0.8374
0.8714
1.6611
1.7897
1.6224
1.3648
0.0335
0.151
0.0335
0.0335
0.0335
0.3897
0.0335
0.151
0.0335
0.151
0.0335
0.0335
0.151
0.0335
0.0335
0.1938
0.2547
0.1657
0.2369
0.7101
2.8134
2.1382
0.0335
0.0335
0.0335
0.0335
0.1745
0.0335
0.0335
0.0335
0.0335
1.2958
0.0335
0.0335
0.1745
0.1745
0.0335
0.0335
0.0335
0.2837
0.3784
0.4531
1.447
1.7248
1.5941
2.6922
1.039
0.0335
0.0335
0.0335
0.0335
0.0335
0.0335
0.1792
0.1498
0.0335
0.0335
0.1792
0.0335
0.0335
0.0335
0.0335
0.1792
0.1288
0.1792
0.0335
1.3572
1.7586
1.4332
1.5397
1.6854
0.0335
0.0335
0.0335
0.1918
0.0335
0.0335
0.0335
0.7299
0.0335
0.2331
0.0989
0.1417
0.1254
0.1918
0.0335
0.1163
1.9929
1.2109
1.3787
1.5637
1.611
1.6174
1.9305
1.7883
0.0335
0.1915
0.1915
0.2964
0.0335
0.0335
0.1915
0.0335
0.0335
0.0915
0.2447
0.3506
0.485
0.1915
0.1821
0.1821
0.4339
0.582
1.6641
2.4755
1.7568
1.7667
1.9148
1.6508
0.0335
0.1607
0.1607
0.0335
0.1607
0.1607
0.0335
0.0571
0.3282
0.0335
0.0335
0.0335
0.0335
0.3734
0.212
0.0335
0.1607
0.0335
0.2417
1.2037
1.1998
1.4727
2.0243
0.0335
0.0335
0.1479
0.0335
0.0335
0.0335
0.0335
0.0335
0.2762
0.3235
0.0335
0.0335
0.1479
0.1443
0.1443
0.1479
2.1079
0.1692
1.3199
1.2827
1.6269
2.1877
1.5169
0.0335
0.0335
0.0335
0.0335
0.1634
0.0335
0.0335
0.1634
0.0335
0.0335
0.1634
0.0335
0.0335
0.0335
0.1546
1.7977
0.4899
0.3787
0.474
1.6277
1.7466
1.5253
1.5263
1.5327
1.8139
1.7173
0.0335
1.282
0.0335
0.0335
0.1434
0.0335
0.0335
0.3579
0.1434
0.0335
0.0335
0.0335
0.1434
0.0335
0.0335
0.0335
0.1434
0.1434
0.0335
0.9628
2.0684
1.3472
2.6665
2.0982
0.0335
0.0335
0.165
0.0335
0.0335
0.0335
0.0335
0.165
0.0399
0.0335
0.165
0.1133
0.2145
0.2366
0.0335
0.0335
0.165
0.1318
1.9417
1.3652
1.6485
1.801
2.3559
1.6673
0.0335
0.4204
0.161
0.0335
0.0335
0.161
0.161
0.0335
0.0335
0.0335
0.1332
0.1332
0.161
0.0335
0.0335
0.2323
0.3203
0.4346
0.4346
0.6761
0.7193
0.8118
0.9393
0.883
0.0335
0.0335
0.0335
0.0335
0.1845
0.0335
0.0335
0.0335
0.0335
0.0335
1.8229
0.0335
0.0335
0.0335
0.0335
0.1845
0.0335
0.0335
0.398
2.3241
1.6456
1.839
1.7308
1.7573
0.0335
0.1711
0.0335
0.0335
0.0335
0.1711
0.1711
0.4199
0.5048
0.0335
0.0335
0.1711
0.0335
0.0335
0.1141
0.308
0.7556
0.7932
0.8641
1.7515
1.7406
1.7821
0.1711
0.0335
0.0335
0.0335
0.18
0.0335
0.0335
0.0335
0.18
0.0335
1.0338
0.0335
0.2667
0.18
1.7865
1.1977
3.2221
1.5584
1.6419
1.8402
1.8402
2.515
2.4136
1.7175
0.0335
0.0335
0.0335
0.1842
0.0335
0.0335
0.0335
0.1842
0.4947
2.5678
0.0335
0.0335
0.1591
0.1842
0.23
1.0508
1.2727
1.2788
0.0335
0.5763
1.339
0.6254
0.6149
0.7161
0.7339
2.7183
0.0335
0.0335
0.1852
0.1852
0.1852
0.0335
0.0335
0.183
0.4343
0.586
1.275
1.2893
0.0335
0.1852
0.0335
0.0335
0.1852
0.3246
1.3452
1.4663
1.7106
1.5654
1.6704
3.4726
0.0335
0.1678
0.0335
0.0335
0.0335
1.0833
1.1693
2.6073
1.697
2.8139
0.0335
0.0335
0.0335
0.0335
0.1678
0.1678
0.1129
2.0414
1.5019
1.6332
1.6259
1.4989
3.1799
0.1678
0.0335
0.0335
0.1874
0.0335
0.1874
0.0335
0.0335
0.1261
0.1261
0.2316
0.4283
0.0335
0.0335
0.1874
0.0335
0.1575
0.4119
1.4736
1.3745
1.3726
1.4764
1.6189
1.864
1.6438
0.0335
0.0335
0.0335
0.0335
0.0335
0.1664
0.0335
0.0335
0.1475
0.3956
2.6906
0.5096
0.5096
2.5577
0.1664
0.0335
0.1824
0.3628
0.554
0.0335
1.0077
0.0335
0.1439
0.5081
0.0335
0.0335
0.0335
0.0335
0.1588
0.0335
0.3427
2.4738
0.0335
0.1588
0.1682
1.55
0.0584
0.0335
0.0762
1.5788
0.3214
0.6961
1.6709
1.6608
1.7321
1.6224
0.0335
0.1588
0.0335
0.0335
0.0335
0.0335
0.0335
0.181
0.181
3.0798
1.1704
1.1542
1.0595
0.181
0.0335
0.0335
0.0335
0.0335
0.181
0.2437
0.5054
1.564
1.5376
1.724
1.7111
1.6752
0.062
1.0374
0.0335
0.1617
0.0335
0.0335
0.0335
1.1029
0.9748
1.0605
1.046
1.1607
0.0335
0.0335
0.0335
0.0335
1.7452
1.2256
1.4156
1.2968
1.4015
4.4284
1.5261
2.0745
0.0335
0.4183
0.1739
0.0335
0.0335
0.1739
0.31
0.1426
0.1796
0.0335
0.0335
0.0335
0.1739
0.0335
0.0335
0.0335
1.1234
0.6599
0.0335
0.0335
0.0335
0.0335
1.1301
0.0335
0.0335
0.0335
0.0335
0.1595
0.0335
0.0335
0.0335
0.0335
0.1595
0.1595
0.0335
0.0335
0.0335
0.1595
0.0335
0.0335
0.1012
0.0335
0.042
1.9138
1.4891
1.5055
1.7278
0.0335
0.0335
0.0335
0.0335
0.0335
0.1687
0.1687
0.0335
0.0335
0.0335
0.0335
0.0335
0.1238
0.1238
0.8332
0.1238
0.1332
0.1862
1.3386
1.4157
1.4157
1.4062
1.4585
1.6151
0.0335
0.0335
0.1759
0.0335
0.0335
0.0335
0.0335
0.0335
0.0335
0.1213
0.2637
0.0335
0.1759
0.1759
0.2637
0.1605
0.246
1.2447
1.3559
1.7713
1.6289
0.0335
0.0335
0.1759
1.1757
0.0335
0.0335
0.0335
0.1673
0.0335
0.0335
0.1673
0.1503
0.0335
0.0335
0.0335
0.1673
0.0335
0.0335
0.0335
0.1673
0.2101
0.2647
1.3035
1.4289
0.1673
1.0363
0.0335
0.1673
0.0335
0.1717
0.0335
0.0335
0.0335
0.0335
0.1717
2.1742
1.1595
1.1435
1.3782
1.2055
1.2947
1.2198
0.1717
0.1717
0.0335
0.1717
0.0335
0.0335
2.538
1.4072
1.6623
1.7961
0.0335
0.0335
0.0335
0.1512
0.1512
0.0335
0.0905
1.4121
1.5868
0.1512
0.0335
1.0676
0.0335
0.0335
0.0446
0.1512
0.0335
1.1162
1.9141
1.491
1.7084
2.6284
1.6532
1.5623
0.0335
0.0335
0.0335
0.0335
0.0335
0.0335
0.0335
1.8485
1.3303
0.0335
0.0335
0.1698
0.1698
0.1718
0.1419
0.1918
1.2035
1.3916
1.3203
1.3203
2.2102
1.6577
1.6726
1.5854
0.0335
0.0335
0.0335
0.178
0.0335
0.0335
0.1197
1.5103
1.6096
0.0335
0.0335
0.178
0.178
0.3941
0.3362
0.255
1.1613
1.1599
1.2999
1.3063
1.547
1.547
1.715
1.5414
0.0335
0.1626
0.0335
0.0335
0.0335
0.1626
0.0335
0.1626
0.7239
0.2634
0.3446
0.3365
0.0335
0.0335
0.1306
0.2159
0.3354
0.5958
0.6177
1.6981
1.7479
1.824
1.9612
1.9531
0.0335
0.0335
0.0335
0.0335
0.152
0.0335
0.0335
0.0335
0.2478
0.2575
0.2005
0.2069
0.4065
1.1177
0.0335
0.0335
0.9688
0.3962
0.5596
1.4481
2.3459
1.5257
1.5257
0.152
0.0335
0.0335
0.0335
0.0335
0.0335
0.1744
0.0335
0.0762
0.1744
0.0335
0.0335
0.0335
0.1744
0.0335
0.0335
0.0335
0.4133
0.5224
0.69
0.7687
0.9096
1.6421
1.5087
1.6496
0.0335
0.0335
0.1804
0.0335
0.0335
0.0335
0.1804
0.1804
0.0335
0.2751
0.1282
0.0335
0.1804
0.1567
0.3114
0.0335
0.0335
2.7745
0.4261
0.5492
0.5744
0.7791
0.7658
0.8181
0.0335
0.0335
0.0335
0.0335
0.0335
0.0335
0.3269
0.3548
0.0335
0.1481
0.1481
0.0335
0.1481
0.0335
0.0335
1.179
0.1569
1.7113
0.6737
0.7276
0.7994
1.9912
0.7275
0.0335
0.0335
0.0335
0.175
0.0335
0.0335
0.175
0.9071
1.1004
1.363
0.6343
0.6343
0.7149
0.8585
0.0335
0.2771
0.27
0.7787
0.7234
0.6783
0.7789
0.7389
0.7389
0.9125
0.9053
0.0335
0.0335
0.1685
0.0335
0.0335
0.0335
0.0335
1.2526
0.1685
0.0335
0.0335
0.9439
0.0335
0.1404
0.9618
0.0335
0.1685
0.9977
2.1549
1.3238
1.558
1.615
1.5717
1.6002
0.0762
0.1448
0.0335
0.0335
0.0335
0.1448
0.0335
0.0335
0.1448
1.9803
0.0421
0.067
0.2837
0.1796
0.157
2.1232
1.3968
0.6712
2.2652
1.737
2.5145
1.6503
1.7215
1.6316
0.0335
0.0335
0.0335
0.0335
0.1766
0.0335
0.0335
0.0335
0.1766
0.0335
0.1766
0.0335
1.7127
0.2214
0.382
2.0359
0.4484
0.6307
0.6735
0.4467
0.692
1.5648
2.2954
3.1728
0.0335
0.1588
0.0335
0.0335
0.1588
0.0335
0.0335
0.91
1.2311
1.0926
0.0335
0.0335
0.0335
0.0335
0.0335
0.0335
1.1555
1.2835
2.4898
1.3951
1.4257
1.5996
1.4992
1.4877
0.0335
0.0335
0.0335
0.1389
0.0335
0.0335
0.1389
0.0335
0.2899
0.3953
0.384
0.0506
0.8163
0.1857
0.1857
0.2911
3.6788
1.378
1.4632
1.4881
2.2316
1.5309
1.5309
0.1389
0.0335
0.0335
0.0335
0.0335
0.0335
0.0335
0.0335
1.6383
0.3534
1.1422
0.6125
0.0335
0.0335
0.0335
0.0335
0.0335
0.5253
1.4895
1.6549
1.6462
1.6548
1.6548
1.5475
1.6783
0.0335
0.1624
0.0335
0.1624
0.0335
0.0335
0.0335
0.0484
1.1432
2.8506
1.5911
0.0335
0.2301
0.3686
0.7545
0.6642
0.2415
0.4434
0.5945
1.2833
0.8308
1.7321
1.646
0.0335
0.0335
0.0335
0.0335
0.0335
0.0335
0.201
0.201
0.1888
0.4067
0.6266
0.9006
0.0335
0.0335
0.1471
0.3146
0.0335
0.4856
0.0335
0.5318
0.8848
0.7136
1.6678
1.755
0.0335
0.0335
0.0335
0.0335
0.1815
0.0335
0.0335
0.0335
0.2328
0.2914
1.321
2.1412
1.3609
0.0335
0.0335
0.0335
0.3008
0.7701
0.6285
0.7076
0.6998
0.7502
0.7496
3.621
0.0335
0.0335
0.0335
0.1696
0.0335
0.1696
0.0335
0.0335
0.1696
0.1047
0.4311
0.6819
1.7297
0.9556
0.0335
0.0335
0.0335
0.4705
0.8423
0.8451
1.3963
0.7597
0.7495
0.8593
0.4833
0.0335
0.0335
0.0335
0.1886
0.0335
0.1886
0.0335
1.5388
1.6117
1.6282
1.6282
0.0335
0.0335
0.1886
0.4539
1.6576
1.4688
1.8728
2.6977
1.7896
2.712
3.2656
0.0335
0.0335
0.0335
0.0335
0.1641
0.1641
0.0335
0.0335
0.1641
1.13
0.995
0.0335
0.0335
0.1641
0.1641
0.0762
0.9966
1.4536
1.4141
2.8843
1.7584
1.6682
1.7017
1.6813
1.7059
0.0335
0.0335
0.0335
0.1841
0.0335
0.0335
0.0335
0.2553
0.5529
0.6112
0.0335
0.0335
0.1695
0.1221
0.1221
0.1942
0.0335
0.4995
2.2383
0.1221
0.6914
1.5524
1.3086
1.2985
0.0335
0.0335
0.0335
0.1799
0.1799
0.0335
0.0335
0.0335
0.1874
1.673
0.0335
1.7695
0.0335
0.1799
0.0335
0.0335
0.1799
0.0335
2.4999
0.6745
0.7895
1.3136
0.783
1.6043
1.8446
0.0335
0.1638
0.0335
0.0335
0.0335
0.1638
0.0335
1.6021
1.3422
1.2796
0.0335
0.0335
0.1327
0.0335
0.0335
0.1638
0.0335
0.1839
0.0335
0.0335
0.0335
0.1412
1.1771
0.0335
0.0335
0.0335
0.0335
0.0335
0.0335
0.0335
0.0335
0.0335
0.1709
0.2077
0.164
0.1984
1.254
0.6238
1.5601
1.685
1.8224
1.6065
1.5076
1.5076
1.5884
2.4948
1.8059
0.9851
0.0335
1.1656
0.1971
0.0335
0.0335
0.0335
0.0335
0.1971
0.0335
0.0335
0.1047
0.1047
0.1407
1.1825
0.279
1.2373
1.6182
1.566
1.5262
1.5974
1.761
1.761
1.8108
0.1971
0.0335
0.0335
0.0335
0.0335
0.1666
0.0335
0.161
0.1335
0.4726
0.0335
0.1335
0.2475
0.2666
0.0335
0.0335
0.1762
0.5093
1.4487
1.5824
1.6546
2.5254
1.7605
1.8226
3.7463
0.0335
0.154
0.0335
0.1844
0.0335
0.0335
0.1844
0.1825
1.4926
0.3334
1.9881
1.3196
1.4599
1.4841
1.7346
1.7346
1.5836
0.0335
1.2665
2.3184
1.5175
1.4093
1.5943
0.0335
0.0335
0.0335
0.1634
0.0335
0.0335
0.0335
0.0335
0.9027
0.0335
0.0335
0.0335
0.1634
0.0335
0.336
0.358
0.0335
0.6909
0.7847
0.8911
0.7321
0.7605
1.7067
1.7067
1.7494
0.0335
0.1689
0.0335
0.0335
0.1689
0.0335
0.0335
0.2437
0.1689
0.0335
0.0335
0.2682
0.0335
0.1689
0.3894
1.3825
1.5227
0.1689
0.0335
0.5215
0.0335
0.1689
0.1689
0.0335
0.0335
0.0335
0.1744
0.1744
0.1744
0.0335
0.1703
0.4202
1.2557
0.0658
0.4534
0.3025
0.0335
0.1744
0.3372
0.5753
0.7856
1.7671
1.8278
1.6969
1.6869
1.6869
3.0084
1.5832
0.0335
0.1879
0.0335
0.0335
0.0335
0.0335
0.1879
0.0335
0.1047
0.0335
0.537
0.6056
0.7803
0.7803
0.9174
0.8533
1.0461
0.8818
0.9041
1.7378
1.0461
1.0029
1.0128
0.9067
0.0335
0.0335
0.0335
0.0335
0.1616
0.0335
0.0335
0.0335
0.0335
0.2668
0.4198
0.3061
0.3061
0.3125
0.2176
0.3099
0.5104
0.671
0.5959
0.6569
0.0335
0.0335
0.1616
0.0335
0.0335
0.0335
0.168
0.0335
0.0335
0.0335
0.168
0.2357
0.44
0.2847
0.1988
2.1115
0.0335
0.168
0.168
0.0335
1.9198
0.0335
1.3106
1.3414
1.3842
1.4583
2.3203
0.0335
0.0335
0.1664
0.0335
0.0335
0.0335
0.0335
0.0335
0.1076
1.1519
1.2232
1.1027
0.0335
0.1664
0.0335
0.0335
1.644
0.4251
0.6436
0.6584
1.5662
1.5108
1.708
1.7289
2.228
0.0335
0.0335
0.0335
0.0335
0.1691
0.0335
0.0335
1.8675
0.454
1.436
1.4635
1.5347
1.5347
0.0335
0.0335
0.0335
0.0335
0.9312
1.1752
1.4032
1.2647
1.3274
2.1495
1.7645
0.0335
0.0335
0.0335
0.1709
0.1709
0.0335
0.0335
0.4197
1.7447
1.6428
1.6231
0.1709
0.0335
0.0335
0.0335
0.0335
1.0851
0.0335
0.3939
0.6953
0.887
2.1891
0.7772
1.7861
0.0762
0.1682
0.1682
0.0335
0.0335
0.1682
0.0335
0.0335
0.9837
0.0335
0.1682
0.5306
0.0335
0.0335
0.0335
0.0335
1.2956
1.52
1.52
1.6245
1.217
1.2298
0.0335
0.1682
0.0335
0.0335
0.159
0.159
0.0335
0.0335
0.159
0.0335
0.159
0.2737
1.3302
1.47
1.5642
2.4162
1.543
1.6599
1.6191
1.6107
1.7276
1.5221
1.5063
1.5205
1.602
1.6869
0.0335
0.0335
0.0335
0.0335
0.0335
0.0335
0.0335
0.2955
0.5479
0.6953
0.7851
1.6429
0.8884
0.7915
0.7537
0.7431
1.65
1.65
1.6606
1.6606
1.6606
1.5732
1.6984
1.5732
0.0335
0.0335
0.1824
0.0335
0.0335
0.0335
0.0335
0.0335
0.3653
0.4471
0.4702
0.4702
0.5928
0.6012
0.729
0.0335
0.1658
0.1658
0.6391
0.6783
0.8317
0.7642
0.6576
0.8967
0.0335
0.5263
0.0335
0.1856
0.0335
0.0335
0.1856
0.1475
0.4636
0.0335
0.0335
1.0982
0.1715
1.3783
1.2975
1.456
1.5246
1.5759
1.6835
1.7226
1.712
1.7226
1.7226
0.0335
0.0335
0.0335
0.0335
0.0335
0.0335
0.0335
0.1676
0.3386
0.4286
0.0335
0.0335
0.0515
0.0868
1.2712
0.0335
0.1676
0.1161
1.5827
0.2887
2.7456
1.5178
1.5262
1.5262
0.1676
0.0335
0.159
0.159
0.0335
0.0335
0.0335
0.0335
0.0335
0.3787
0.58
1.4836
0.58
1.4746
0.5942
0.5942
0.6808
1.6274
1.5732
1.6807
2.4499
1.6896
2.4499
1.6871
1.8449
0.0335
0.0335
0.0335
0.0335
0.1581
0.0335
0.0584
1.3838
0.0335
0.1581
0.0335
0.0534
0.0842
0.2009
0.1704
1.3432
1.5669
1.7565
1.7735
1.6873
1.7866
1.9061
1.7878
0.0335
0.0335
0.0335
0.158
0.0335
0.0335
0.0335
0.0335
0.0335
0.0335
0.0335
0.7001
0.158
0.0335
0.0335
0.2081
0.4328
1.177
0.7917
0.6744
2.1178
1.3185
0.8019
0.0335
0.158
0.0335
0.0335
0.0335
0.0335
0.0335
0.0335
0.0335
0.0335
0.0335
0.1047
1.1555
0.1047
0.1047
0.0335
0.0335
0.1742
1.0785
1.2811
1.3827
1.5674
1.7871
1.8603
3.5799
0.0335
0.0335
0.1543
0.0335
1.1058
0.0335
0.0335
0.5787
0.442
0.6391
1.5018
1.4941
2.4038
1.5773
1.5851
1.5915
1.6229
1.6307
1.5397
1.7381
2.5712
1.6483
1.6174
1.6251
1.7904
0.0335
0.0335
0.0335
0.0335
0.1634
0.0335
0.0335
2.2881
0.7725
0.2394
1.3095
0.0335
0.0335
0.0335
0.1634
0.0335
0.3299
1.5019
1.6632
0.0335
0.4076
1.4278
1.6776
1.6782
0.0335
1.1377
0.0335
0.183
0.183
0.0335
0.8827
0.183
1.2772
0.7322
0.0335
0.183
0.0335
0.0335
0.0335
0.577
1.05
1.0471
1.7023
3.0672
1.7859
1.8148
1.9396
3.3733
0.0335
0.0335
0.0335
0.0335
0.0335
0.1738
0.0335
0.1738
0.0335
0.0335
0.0335
0.1738
0.0335
0.0335
0.1738
0.0335
0.2529
0.5755
0.9366
1.828
1.7837
1.6962
1.8982
0.0335
0.0335
0.0335
0.0335
0.1603
0.0335
0.0335
0.0335
0.0335
1.3523
0.1341
0.0335
0.8682
0.0335
0.1475
0.1617
1.2835
1.434
1.4472
3.0762
1.5915
1.5982
1.7183
4.3502
1.6239
0.0335
0.0335
0.0335
0.1514
0.0335
0.0335
0.0335
1.9259
0.5857
1.3441
1.4383
0.0335
0.1263
0.1514
0.8817
0.0705
0.3918
2.0116
1.7396
0.6641
0.803
0.812
0.9528
0.6997
0.0335
0.303
0.1646
0.0335
0.0335
0.0335
0.1646
0.8716
1.0823
1.4414
1.4043
1.4124
1.587
2.3861
1.4409
2.8692
1.71
1.6388
1.6644
1.6814
1.7015
1.5703
1.5784
1.8034
0.0335
0.176
0.0335
0.0335
0.0335
0.176
0.0335
0.5329
0.176
0.0335
0.0335
0.176
0.0335
0.0335
0.176
0.0335
1.6415
0.6748
2.0676
2.4676
1.5833
1.581
3.5169
1.6738
0.0433
0.0335
0.0335
0.0335
0.1776
0.0335
0.0335
0.1776
1.065
2.3466
1.8422
0.0335
0.3468
0.5705
1.665
1.587
1.5725
1.5994
3.7017
1.7878
1.6535
1.8901
1.8803
0.0335
0.0335
0.0335
0.0335
0.0335
0.0335
0.1492
1.0665
0.0335
1.418
1.7754
1.6983
3.0452
1.6417
1.6773
1.6668
1.5616
2.7973
1.6523
1.7574
1.6523
3.0452
1.6417
2.1974
1.5511
0.0335
0.0335
0.0335
0.1547
0.0335
0.0335
0.0335
0.2117
0.0335
0.0335
0.0335
0.0335
0.2672
0.5146
0.2793
0.5395
0.4814
0.6377
0.7181
0.7338
1.6556
0.8551
0.7495
0.7495
0.0335
0.1632
0.0335
0.0335
0.0335
0.0335
0.0335
0.2294
1.5143
3.0261
1.5664
1.6078
1.5841
1.5805
1.7029
1.5732
1.5805
1.7154
1.8278
1.6981
1.7933
2.4205
0.0335
0.0335
0.0335
0.0335
0.0335
0.0335
0.0335
0.0335
0.0335
0.0648
0.4527
0.0335
0.0335
0.0335
0.1848
0.1848
1.0832
0.5924
0.504
0.6607
0.7462
0.6434
0.7947
0.8159
0.8871
0.0335
0.0335
0.1736
0.0335
0.0335
0.0335
0.1736
0.4584
0.0335
0.0335
0.0335
0.0335
0.0335
0.233
1.2278
1.3869
0.0335
0.9815
1.4225
1.4209
1.5928
1.5928
1.5848
1.7578
1.689
0.0335
0.0335
0.0335
0.1793
0.0335
0.0335
0.0335
1.6239
0.1793
0.0335
0.0335
0.1047
0.0335
0.1793
0.0426
0.0335
0.1884
1.572
0.0335
0.1793
0.0335
0.0335
0.0335
0.0335
0.0335
0.0335
0.1536
0.0335
0.0335
0.1536
0.0335
0.0905
1.4775
1.2768
0.229
0.0335
0.0335
0.0335
0.1303
0.4467
1.4419
1.3409
1.4215
1.4339
0.0335
0.1536
0.0541
1.2748
0.0335
0.0335
0.1724
0.0335
0.0335
0.0335
0.1724
1.4177
1.8016
1.8046
1.8046
0.0335
0.1724
0.0335
0.0335
0.0335
1.3581
1.3559
1.4072
1.6658
2.36
1.6096
1.6998
0.0335
0.0335
0.0335
0.0335
0.0335
0.0335
0.1725
0.0335
0.0335
0.1725
0.0335
0.0335
0.0335
0.181
0.3698
0.5607
1.3993
0.32
2.1304
1.5152
1.4314
0.0335
0.4442
0.1725
0.5081
0.0335
0.1534
0.1534
0.0335
0.0335
0.0335
0.1534
0.0335
0.0335
0.0762
0.0335
0.0335
0.1534
0.0335
0.0335
0.1534
0.2174
1.5784
1.6682
1.5796
1.6224
1.6338
1.7422
1.8517
0.0335
0.0335
0.0335
0.0335
0.0335
0.1475
0.0335
0.0335
0.0335
0.0335
0.0335
0.0335
0.3709
0.6179
0.1352
0.4291
0.5263
1.6896
1.4664
3.359
1.7296
1.7296
1.6731
2.4675
0.0335
0.0335
0.0335
0.1556
0.0335
0.0335
0.1556
0.0335
0.0335
0.2059
0.1556
2.0685
0.7809
0.2004
0.2179
1.5571
1.471
1.42
1.6989
1.591
1.6247
2.394
3.8427
1.8492

